1	219	28.0	100848	39.76	100847	39.51	103261	93	29.3	1.97	9.93	465.37
2	216	28.0	100858	39.53	100850	40.08	102960	93	29.2	2.06	10.49	423.38
3	218	28.0	100850	39.41	100853	39.95	102582	93	29.2	2.23	9.99	383.69
4	216	28.0	100847	40.47	100851	39.05	102741	93	29.2	1.99	9.24	482.83
5	220	28.0	100853	39.41	100848	39.28	102955	93	29.2	2.18	10.35	558.17
6	220	28.0	100851	39.38	100852	39.31	103248	93	29.4	2.01	10.27	514.12
7	221	28.0	100853	38.93	100852	38.98	102728	93	29.2	2.17	9.67	442.26
8	223	28.0	100855	39.03	100850	39.13	103005	93	29.2	1.92	10.1	390.51
9	223	28.1	100852	39.76	100855	39.36	103658	94	29.2	1.88	9.62	519.72
10	221	28.0	100848	39.86	100855	39.31	104297	94	29.2	1.84	9.02	460.66
11	223	27.9	100853	38.58	100853	38.42	103513	94	29.2	1.89	8.68	492.72
12	223	28.1	100853	39.14	100856	39.13	102320	93	29.3	2.23	11.09	506.10
13	223	28.1	100853	39.21	100859	38.51	103740	94	29.2	2.07	11.25	444.43
14	222	28.0	100860	38.86	100864	38.79	101713	92	29.1	2.23	9.8	369.69
15	220	27.9	100851	39.62	100857	38.98	100806	91	29.2	2.01	10.09	500.99
16	222	27.9	100863	38.91	100856	38.73	100953	91	29.2	1.83	9.36	426.13
17	222	28.0	100852	39.40	100860	38.87	101516	92	29.2	1.99	11.87	515.58
18	226	28.0	100858	39.51	100856	38.73	102134	92	29.2	2.18	9.53	532.72
19	221	28.1	100858	39.28	100860	39.07	102136	92	29.2	2.04	10.85	385.12
20	221	28.0	100855	39.39	100850	39.26	101954	92	29.3	1.84	9.5	506.27
21	223	28.0	100862	39.45	100856	39.33	101958	92	29.1	1.83	11.71	563.71
22	224	28.0	100849	38.76	100859	38.50	102003	92	29.3	1.89	9.75	463.92
23	226	27.9	100852	39.72	100856	39.32	102428	93	29.3	1.78	10.92	543.31
24	221	28.0	100854	39.22	100855	39.00	102215	92	29.3	2.20	10.26	428.50
25	224	28.0	100853	39.29	100865	38.64	101942	92	29.2	1.93	11.02	458.83
26	225	28.1	100863	39.03	100856	39.24	102109	92	29.3	1.93	9.56	516.98
27	225	28.0	100851	39.47	100855	39.71	102138	92	29.4	2.24	9.95	537.19
28	224	28.1	100853	39.69	100845	39.75	102425	93	29.1	2.05	10.44	413.47
29	222	27.9	100849	39.31	100857	39.36	102559	93	29.2	1.82	10.18	561.77
30	222	27.9	100852	39.65	100852	38.92	102568	93	29.3	1.99	9.44	386.89
31	224	28.0	100844	39.04	100853	39.79	103122	93	29.2	2.05	11.57	397.29
32	222	28.0	100850	39.87	100857	39.42	102917	93	29.3	1.90	10.78	371.58
33	222	28.1	100852	38.89	100853	38.67	102845	93	29.1	2.13	8.84	548.66
34	221	27.9	100849	39.35	100853	39.04	103248	93	29.2	1.91	10.89	455.95
35	219	28.0	100851	39.57	100852	39.32	102979	93	29.3	2.15	10.79	403.13
36	221	28.0	100862	38.77	100841	39.82	103011	93	29.2	1.80	8.61	524.15
37	225	28.0	100847	40.13	100852	39.76	102941	93	29.4	2.19	9.48	456.33
38	222	28.0	100851	38.98	100850	38.93	103450	94	29.3	2.16	10.36	370.55
39	218	28.0	100846	39.71	100850	40.12	103330	93	29.3	1.77	10.89	544.81
40	229	28.0	100852	40.44	100850	39.47	102979	93	29.2	1.82	9.66	380.86
41	224	28.0	100850	39.84	100841	39.52	103136	93	29.2	1.98	9.65	493.05
42	218	28.1	100852	40.53	100853	39.94	103454	94	29.3	2.18	10.38	474.25
43	218	28.0	100847	39.67	100849	39.40	103582	94	29.3	2.04	9.69	568.33
44	218	28.0	100853	39.60	100855	39.37	103292	93	29.3	2.20	9.8	444.53
45	219	28.1	100846	39.61	100851	39.67	102656	93	29.3	2.14	9.32	514.61
46	220	28.0	100851	39.68	100858	39.47	103108	93	29.3	2.15	9.69	382.69
47	221	28.0	100856	39.43	100857	39.45	103570	94	29.3	2.16	9.66	505.77
48	226	28.0	100848	40.01	100848	39.36	102760	93	29.2	2.15	10.88	461.11
49	221	28.0	100845	39.85	100842	39.86	102764	93	29.3	1.77	9.68	512.23
50	225	28.0	100847	40.18	100848	40.04	102782	93	29.2	1.99	10.17	523.15
51	222	28.0	100857	39.08	100848	39.09	103321	93	29.3	2.05	12.06	413.59
52	220	28.0	100855	39.43	100856	39.20	103098	93	29.4	2.01	12.65	565.93
53	220	28.1	100848	38.86	100854	39.35	102873	93	29.1	1.89	9.18	551.93
54	223	28.0	100848	39.35	100846	39.90	103058	93	29.3	1.96	11.94	451.90
55	222	28.0	100848	39.84	100845	39.52	103184	93	29.4	1.75	9.18	535.96
56	224	28.0	100854	39.72	100854	39.70	103268	93	29.3	2.04	10.38	534.91
57	222	28.0	100850	39.15	100848	39.45	102923	93	29.2	1.85	9.95	429.11
58	222	28.0	100855	39.84	100849	39.29	103304	93	29.2	1.84	11.14	473.39
59	224	28.0	100854	39.35	100851	39.44	103312	93	29.3	2.24	9.9	389.51
60	225	28.0	100858	39.45	100848	39.23	102958	93	29.2	2.00	9.65	464.65
61	225	28.0	100850	39.88	100844	40.15	102707	93	29.1	2.23	10.13	469.74
62	226	28.0	100855	39.34	100850	39.61	103042	93	29.2	2.07	11.07	407.97
63	225	28.0	100848	39.70	100848	39.40	103289	93	29.2	1.85	11.55	439.31
64	229	28.0	100855	39.05	100856	39.47	102635	93	29.2	2.20	9.63	560.31
65	228	28.0	100847	40.06	100849	39.83	102724	93	29.2	2.08	11.17	389.57
66	228	28.1	100847	39.04	100853	39.70	102869	93	29.3	2.15	9.61	441.66
67	224	28.0	100852	39.37	100848	39.38	103047	93	29.2	2.08	10.92	426.91
68	227	27.9	100845	39.28	100853	39.31	102558	93	29.1	2.09	10.28	521.04
69	238	28.0	100855	39.18	100853	39.44	103052	93	29.2	1.93	10.7	448.23
70	234	27.9	100850	39.73	100849	39.32	103118	93	29.1	2.05	9.79	546.20
71	227	28.0	100853	39.79	100858	39.62	103406	94	29.2	2.20	10.73	536.47
72	225	28.0	100845	39.19	100854	39.48	102723	93	29.2	2.20	10.8	434.73
73	226	28.0	100846	39.40	100853	39.53	103095	93	29.1	2.12	11.31	561.42
74	224	28.0	100854	38.72	100854	39.48	103039	93	29.1	2.03	10.28	398.61
75	226	28.0	100854	39.32	100851	39.59	102994	93	29.3	1.89	12.38	532.11
76	224	28.0	100854	39.79	100844	40.52	102683	93	29.4	1.75	10.35	434.24
77	227	28.0	100843	39.20	100850	39.49	102879	93	29.3	2.08	18.0	546.40
78	228	28.0	100849	39.16	100852	39.55	102732	93	29.1	2.07	13.03	403.94
79	228	27.9	100850	39.61	100849	39.43	102868	93	29.2	1.95	10.29	556.56
80	232	28.1	100855	39.19	100854	39.43	102481	93	29.1	2.05	12.51	525.98
81	230	28.1	100854	39.27	100849	39.92	102595	93	29.3	1.95	9.66	457.00
82	228	28.0	100852	39.81	100854	39.70	102826	93	29.3	2.02	10.42	527.94
83	223	28.0	100839	39.68	100848	39.52	103013	93	29.3	2.09	10.65	395.90
84	231	28.0	100854	39.79	100850	39.62	102777	93	29.3	2.23	11.25	475.16
85	227	28.1	100856	38.93	100858	38.88	102326	93	29.1	2.05	10.07	376.25
86	227	28.1	100855	39.21	100857	39.29	102533	93	29.3	2.13	9.95	519.29
87	227	28.0	100857	39.48	100851	39.15	103157	93	29.3	2.09	9.81	457.36
88	228	28.0	100846	39.61	100856	39.10	103097	93	29.2	2.11	10.81	422.60
89	225	28.0	100851	39.63	100855	39.46	102576	93	29.4	1.89	11.0	391.95
90	228	28.0	100852	39.36	100850	39.10	102871	93	29.2	1.79	10.74	485.07
91	226	28.0	100854	39.20	100855	39.44	102851	93	29.4	2.13	9.45	546.04
92	227	28.0	100853	39.21	100853	39.43	103214	93	29.2	2.12	10.7	558.26
93	222	28.1	100852	39.66	100851	39.40	102756	93	29.2	1.93	11.47	531.58
94	224	27.9	100852	39.18	100849	39.63	102711	93	29.2	1.93	10.01	491.63
95	222	28.0	100863	38.97	100858	39.16	102898	93	29.2	1.88	9.89	469.48
96	222	28.0	100856	39.20	100853	39.87	103275	93	29.2	2.01	10.95	427.73
97	221	28.0	100852	39.94	100856	39.62	102711	93	29.2	2.21	9.29	384.54
98	221	28.0	100849	39.49	100854	39.61	102548	93	29.2	1.92	9.52	464.57
99	224	28.0	100847	39.37	100853	39.76	102721	93	29.2	2.11	9.36	475.51
100	221	28.1	100855	39.26	100858	39.48	102788	93	29.3	1.94	11.02	509.84
101	226	27.9	100855	39.58	100851	39.65	102607	93	29.3	1.87	9.79	524.89
102	224	28.0	100852	39.69	100847	39.67	102477	93	29.2	2.21	9.81	391.02
103	223	28.0	100855	39.71	100848	39.66	102601	93	29.1	1.84	10.18	383.09
104	222	28.0	100848	39.67	100852	39.55	102964	93	29.3	2.22	10.23	571.25
105	227	28.0	100857	39.12	100855	39.24	102982	93	29.3	2.15	8.86	484.16
106	230	28.0	100851	39.86	100850	39.55	102804	93	29.4	1.82	9.92	520.10
107	223	28.0	100850	39.32	100854	39.49	103053	93	29.3	2.10	10.03	491.25
108	223	28.0	100851	39.11	100850	39.04	103295	93	29.3	2.11	10.16	398.28
109	221	28.0	100854	39.26	100854	39.26	103266	93	29.3	1.84	10.51	2092.48
110	224	28.1	100850	39.31	100850	38.79	102802	93	29.2	1.95	10.54	2221.11
111	224	28.0	100851	38.96	100840	39.12	103021	93	29.2	1.81	8.98	2028.93
112	223	28.1	100844	38.41	100839	38.91	103233	93	29.3	1.79	10.0	2060.84
113	226	28.0	100842	37.95	100847	37.39	103024	93	29.4	1.89	11.33	2343.42
114	223	27.9	100837	38.14	100839	38.33	102742	93	29.1	1.97	10.39	1862.21
115	223	28.0	100831	37.84	100829	37.80	102721	93	29.3	2.20	10.92	1970.11
116	225	28.0	100823	37.46	100826	37.40	102957	93	29.3	2.17	10.36	2124.47
117	223	28.0	100830	37.37	100819	37.31	102901	93	29.3	2.05	11.87	2187.55
118	221	28.0	100817	37.31	100824	37.17	102744	93	29.2	1.75	9.1	1964.36
119	225	27.9	100813	36.49	100812	36.90	102435	93	29.3	1.93	10.15	2106.25
120	224	28.0	100813	36.50	100814	36.28	102711	93	29.2	1.92	10.16	2207.78
121	223	28.0	100818	35.39	100814	35.96	102924	93	29.2	1.96	8.56	578.39
122	224	28.0	100814	36.13	100813	36.01	102462	93	29.4	2.20	11.19	401.57
123	222	28.0	100813	36.17	100814	36.87	102644	93	29.1	2.02	10.76	460.40
124	223	28.1	100812	36.58	100817	36.33	103067	93	29.2	1.90	11.49	387.65
125	228	28.1	100812	36.35	100817	36.67	102727	93	29.2	2.23	10.28	405.71
126	224	28.0	100813	36.57	100816	36.81	102316	93	29.1	1.94	11.37	435.85
127	228	28.0	100819	36.33	100820	36.06	102610	93	29.2	2.00	10.39	389.76
128	229	28.0	100812	36.41	100814	36.56	103150	93	29.3	1.81	9.42	554.53
129	232	27.9	100820	35.90	100814	36.47	102895	93	29.3	2.23	11.08	388.71
130	225	28.0	100823	36.13	100821	36.27	102643	93	29.3	2.11	11.09	498.94
131	225	28.0	100813	36.78	100818	36.17	102719	93	29.1	1.90	10.59	460.53
132	224	27.9	100815	36.32	100814	36.68	102572	93	29.4	1.89	10.49	518.71
133	227	28.0	100816	36.09	100814	36.52	102721	93	29.1	2.09	10.33	506.82
134	228	28.0	100813	36.57	100815	36.43	102613	93	29.3	1.96	9.3	389.84
135	230	28.0	100818	36.17	100818	36.06	102550	93	29.3	2.18	11.12	404.13
136	235	28.0	100815	36.49	100816	36.41	102564	93	29.3	2.11	23.92	556.50
137	231	28.0	100812	36.22	100816	36.23	102736	93	29.2	2.04	16.46	464.58
138	228	28.1	100816	36.07	100817	36.61	102370	93	29.3	1.78	13.87	571.35
139	228	27.9	100810	36.64	100815	36.60	102120	92	29.4	2.05	10.77	428.00
140	228	28.0	100817	36.38	100817	36.43	102199	92	29.2	2.17	9.74	566.19
141	228	28.0	100817	36.37	100819	36.68	102300	93	29.3	1.77	9.69	553.40
142	228	28.0	100817	35.90	100816	36.32	102053	92	29.2	1.78	12.36	477.00
143	226	28.0	100822	35.57	100812	36.35	102264	92	29.1	1.80	10.9	547.29
144	227	27.9	100819	36.33	100813	36.40	102728	93	29.2	1.92	12.21	461.05
145	219	28.0	100815	35.75	100816	36.47	102426	93	29.2	1.98	18.92	545.44
146	218	28.0	100819	36.40	100817	36.99	101975	92	29.3	1.79	10.64	554.80
147	216	28.0	100814	36.45	100809	36.81	102401	93	29.3	2.10	10.99	458.71
148	221	28.0	100815	36.42	100819	35.89	102422	93	29.2	2.09	10.39	392.58
149	221	28.1	100810	36.69	100805	36.39	102031	92	29.3	2.16	10.8	459.94
150	216	28.0	100814	36.67	100810	37.36	101854	92	29.2	1.88	9.45	436.09
151	217	28.2	100811	36.93	100810	36.76	102091	92	29.1	1.96	12.61	386.62
152	226	28.1	100816	36.34	100814	36.08	102409	93	29.2	2.04	10.21	499.75
153	216	28.0	100811	36.79	100812	37.08	101530	92	29.3	2.13	10.47	530.77
154	218	27.9	100813	36.81	100810	36.35	101965	92	29.1	2.03	11.9	379.15
155	218	28.0	100807	36.66	100813	36.08	101903	92	29.2	2.07	11.45	389.90
156	218	28.0	100808	36.92	100803	36.42	102129	92	29.2	1.89	16.24	412.04
157	221	28.1	100806	37.10	100820	36.11	101777	92	29.2	1.97	11.13	443.40
158	218	28.1	100819	36.40	100819	36.02	101904	92	29.4	2.04	8.89	454.44
159	217	28.0	100811	36.31	100810	36.30	101997	92	29.2	1.89	8.84	538.42
160	229	28.1	100817	36.17	100819	36.07	102213	92	29.3	1.88	10.93	493.65
161	226	28.0	100817	36.84	100818	36.16	101504	92	29.2	1.86	10.97	563.90
162	220	28.2	100827	35.72	100818	36.21	101989	92	29.2	1.87	9.64	466.04
163	214	28.1	100816	36.15	100824	36.50	102429	93	29.1	2.19	11.0	449.35
164	215	28.0	100820	36.16	100822	35.60	102342	93	29.1	2.15	9.72	417.31
165	215	28.2	100820	35.78	100828	35.58	102127	92	29.2	2.05	9.41	442.36
166	214	28.2	100821	36.51	100813	36.27	102379	93	29.3	2.14	9.64	432.47
167	216	28.2	100811	36.07	100817	35.52	102405	93	29.4	1.93	10.21	508.63
168	216	28.1	100819	35.49	100823	36.15	102375	93	29.3	1.95	10.22	575.80
169	217	28.0	100825	35.48	100818	35.95	102569	93	29.3	1.91	10.28	513.01
170	216	28.0	100814	36.26	100819	36.16	102246	92	29.2	2.01	10.54	432.21
171	214	28.2	100820	35.89	100820	35.93	102574	93	29.4	1.81	10.81	526.02
172	215	28.1	100815	36.15	100810	36.15	102634	93	29.3	2.15	21.78	503.99
173	218	28.1	100813	36.63	100822	35.89	102106	92	29.1	1.81	9.64	514.79
174	220	28.1	100818	36.24	100822	35.68	101746	92	29.4	1.97	13.41	404.96
175	216	28.1	100819	35.83	100821	36.06	101874	92	29.2	1.98	8.98	438.75
176	228	28.1	100827	35.46	100818	36.06	101948	92	29.3	2.19	15.6	398.77
177	212	28.1	100823	35.89	100821	35.67	101844	92	29.2	2.00	13.08	563.42
178	227	28.2	100816	36.29	100815	36.20	101982	92	29.4	1.80	9.62	540.32
179	226	28.1	100820	36.02	100815	36.07	102041	92	29.2	1.80	12.03	511.56
180	221	28.1	100820	36.56	100817	36.06	102320	93	29.2	1.99	10.23	481.28
181	216	28.1	100814	36.32	100814	36.77	101615	92	29.3	1.85	15.09	521.34
182	216	28.0	100816	36.16	100812	35.87	102000	92	29.2	1.77	10.14	508.51
183	214	28.1	100818	36.43	100815	36.38	102188	92	29.2	2.02	10.16	384.69
184	213	28.1	100820	35.83	100815	36.35	102625	93	29.1	2.23	11.48	400.92
185	219	28.1	100814	36.22	100819	36.38	101918	92	29.2	2.07	12.34	497.38
186	214	28.1	100818	36.13	100817	36.70	101939	92	29.2	1.92	10.18	524.41
187	216	28.1	100815	36.35	100813	36.39	102375	93	29.3	2.02	16.75	463.94
188	215	28.1	100815	36.52	100823	36.22	102223	92	29.2	2.08	11.43	575.15
189	214	28.1	100816	36.23	100821	36.58	102093	92	29.3	1.85	11.21	413.48
190	216	28.1	100818	36.19	100818	36.20	102451	93	29.3	1.94	9.89	557.44
191	217	28.1	100818	36.33	100819	36.14	102183	92	29.3	2.07	9.77	531.43
192	214	28.1	100818	36.08	100820	36.15	102183	92	29.3	2.26	11.73	487.79
193	208	28.2	100818	36.39	100816	35.92	101806	92	29.2	1.99	10.92	560.95
194	207	28.1	100819	35.98	100821	36.26	102163	92	29.3	1.95	8.95	443.74
195	212	28.1	100814	36.29	100817	36.53	102160	92	29.4	1.77	14.72	422.46
196	211	28.1	100821	36.09	100811	36.46	101708	92	29.2	2.12	9.62	534.50
197	229	28.1	100820	36.22	100812	36.57	102348	93	29.2	2.09	9.11	512.33
198	218	28.1	100817	36.23	100811	36.51	102104	92	29.3	2.02	9.64	421.22
199	215	28.2	100817	35.94	100812	36.54	102219	92	29.2	1.87	12.59	538.67
200	220	28.1	100812	35.97	100818	36.18	102405	93	29.2	2.01	9.25	431.49
