1	190	32.0	100850	39.61	100850	39.24	112819	102	33.2	2.04	3.97	504.37
2	189	32.0	100857	39.54	100851	40.03	113150	102	33.1	1.97	3.26	396.38
3	189	32.0	100851	39.31	100853	39.93	112680	102	33.1	1.97	1.92	382.69
4	189	32.0	100849	40.37	100852	39.0	113099	102	33.3	2.15	4.28	472.83
5	191	31.9	100855	39.27	100849	39.18	112842	102	33.3	2.34	2.63	381.17
6	191	32.1	100852	39.36	100854	39.17	113205	102	33.4	2.44	2.79	480.12
7	194	32.0	100853	38.88	100856	38.65	112783	102	33.3	1.95	5.11	492.26
8	196	32.0	100856	38.89	100854	38.84	113270	102	33.2	2.24	1.85	477.51
9	194	32.0	100852	39.79	100856	39.27	113927	103	33.1	1.96	3.76	506.72
10	192	32.0	100847	39.92	100854	39.42	113891	103	33.2	2.05	2.67	555.66
11	194	31.9	100851	38.78	100850	38.67	114057	103	33.4	2.18	4.5	533.72
12	194	32.1	100856	38.94	100859	38.94	112542	102	33.3	2.41	2.84	480.1
13	194	32.1	100851	39.3	100859	38.52	113720	103	33.1	2.18	2.76	435.43
14	195	32.0	100860	38.82	100863	38.81	111491	101	33.2	2.16	6.32	509.69
15	191	32.0	100850	39.68	100856	39.09	111012	100	33.4	2.21	5.79	501.99
16	191	32.0	100864	38.83	100855	38.85	111065	100	33.4	2.11	3.97	436.13
17	193	32.1	100852	39.4	100862	38.67	111840	101	33.2	2.05	7.68	470.58
18	195	32.0	100857	39.61	100853	39.01	111764	101	33.2	2.14	3.42	455.72
19	192	32.0	100858	39.27	100861	39.01	112361	102	33.3	2.34	3.13	535.12
20	194	32.0	100856	39.35	100852	39.07	111663	101	33.1	2.02	3.02	564.27
21	194	32.0	100860	39.62	100854	39.5	111843	101	33.0	1.99	4.69	452.71
22	197	32.0	100849	38.73	100861	38.32	111896	101	33.4	2.25	4.65	460.92
23	197	32.0	100852	39.74	100856	39.31	112122	101	33.3	2.03	7.47	370.31
24	194	32.0	100854	39.21	100856	38.94	112020	101	33.2	2.02	4.86	502.5
25	193	32.0	100853	39.3	100866	38.59	111767	101	33.2	2.03	6.36	467.83
26	198	32.0	100863	38.99	100856	39.22	112248	102	33.3	2.00	6.01	500.98
27	196	32.0	100850	39.62	100853	39.93	112387	102	33.4	2.00	3.18	386.19
28	193	31.9	100853	39.7	100845	39.79	112309	102	33.1	2.09	3.26	507.47
29	193	32.0	100849	39.34	100855	39.46	112253	102	33.1	2.27	2.21	453.77
30	193	32.0	100854	39.52	100853	38.84	112492	102	33.3	2.17	4.88	463.89
31	197	32.0	100846	38.81	100856	39.62	113158	102	33.2	2.33	5.78	458.29
32	193	32.0	100847	40.1	100855	39.6	113161	102	33.4	2.13	3.0	425.58
33	191	32.1	100851	39.02	100851	38.8	112677	102	33.1	2.36	4.75	451.66
34	190	31.9	100847	39.47	100851	39.2	112906	102	33.2	2.32	2.55	523.95
35	190	31.9	100852	39.49	100855	39.07	112938	102	33.2	2.14	6.46	541.13
36	192	31.9	100861	38.84	100841	39.83	112903	102	33.3	2.40	4.97	405.15
37	194	32.1	100848	40.08	100852	39.78	112656	102	33.2	2.29	3.45	507.33
38	193	32.0	100851	38.98	100850	38.93	113108	102	33.3	2.16	4.27	402.55
39	189	32.1	100848	39.54	100852	39.93	113536	103	33.3	2.04	2.59	467.81
40	200	32.0	100851	40.52	100850	39.5	113399	103	33.2	2.11	3.13	487.86
41	195	32.1	100850	39.87	100840	39.6	113471	103	33.3	2.36	2.28	401.05
42	189	32.0	100852	40.54	100853	39.95	113425	103	33.4	2.13	1.93	380.25
43	189	32.0	100848	39.58	100851	39.26	113404	103	33.3	2.39	2.12	394.33
44	189	32.0	100853	39.6	100857	39.19	113218	102	33.2	1.96	3.45	459.53
45	190	32.0	100848	39.41	100856	39.29	113067	102	33.1	2.30	2.21	537.61
46	191	32.0	100851	39.7	100856	39.71	113100	102	33.1	2.36	2.24	475.69
47	190	32.0	100854	39.54	100856	39.51	113570	103	33.2	2.22	2.63	516.77
48	197	32.0	100851	39.76	100850	39.17	112862	102	33.3	2.34	3.73	385.11
49	190	32.1	100846	39.75	100844	39.64	112927	102	33.2	2.10	5.17	386.23
50	196	32.0	100849	39.98	100850	39.82	112839	102	33.3	2.18	3.04	409.15
51	195	31.9	100857	39.09	100847	39.19	112908	102	33.2	2.40	5.18	479.59
52	191	32.1	100856	39.32	100859	38.93	112701	102	33.3	2.17	5.37	561.93
53	193	32.0	100846	38.98	100853	39.44	112771	102	33.3	2.00	1.99	470.93
54	192	32.0	100849	39.21	100849	39.66	113208	102	33.2	2.02	5.28	524.9
55	191	32.0	100848	39.85	100845	39.53	113287	102	33.3	2.15	2.02	545.96
56	195	31.9	100854	39.74	100853	39.73	113121	102	33.1	2.03	3.34	567.91
57	193	31.9	100849	39.21	100847	39.48	113194	102	33.3	2.17	2.68	375.11
58	193	32.0	100858	39.6	100853	38.95	113051	102	33.2	2.34	7.26	419.39
59	193	32.0	100856	39.2	100854	39.15	113196	102	33.3	2.08	5.19	465.51
60	194	31.9	100858	39.46	100847	39.34	112836	102	33.2	2.32	2.44	431.65
61	196	31.9	100853	39.69	100848	39.87	112815	102	33.1	2.16	3.31	380.74
62	199	32.0	100853	39.52	100847	39.84	113119	102	33.3	2.31	5.13	446.97
63	194	32.0	100846	39.79	100847	39.46	113392	103	33.3	2.19	3.72	530.31
64	198	32.0	100855	39.1	100853	39.74	112475	102	33.3	2.17	0.8	469.31
65	197	31.9	100847	40.1	100850	39.79	113111	102	33.3	2.30	6.73	569.57
66	197	32.0	100848	38.98	100852	39.76	112872	102	33.3	2.05	5.39	382.66
67	195	32.1	100850	39.46	100848	39.43	113063	102	33.3	2.33	5.52	504.91
68	196	32.0	100846	39.2	100854	39.24	112482	102	33.2	2.31	2.3	404.04
69	209	31.9	100853	39.37	100850	39.71	112651	102	33.3	2.27	2.43	525.23
70	203	32.0	100851	39.66	100851	39.18	113196	102	33.2	2.42	3.27	432.2
71	196	32.0	100853	39.86	100856	39.73	112903	102	33.2	2.08	6.83	382.47
72	194	32.0	100843	39.37	100851	39.73	112531	102	33.2	2.04	5.37	391.73
73	195	32.1	100849	39.18	100855	39.38	112889	102	33.2	2.01	7.14	388.42
74	197	32.0	100852	38.91	100853	39.56	112762	102	33.2	2.07	5.7	518.61
75	195	32.0	100856	39.2	100853	39.38	113049	102	33.3	2.27	6.9	456.11
76	195	32.0	100857	39.5	100846	40.32	112579	102	33.4	2.39	5.91	552.24
77	200	31.9	100844	39.1	100852	39.36	113095	102	33.2	2.14	11.18	438.4
78	199	32.0	100849	39.2	100850	39.73	112959	102	33.2	2.40	5.64	493.94
79	197	31.9	100849	39.68	100850	39.31	112889	102	33.2	2.45	4.85	499.56
80	201	31.9	100853	39.34	100850	39.76	112512	102	33.1	2.19	8.01	444.98
81	199	32.0	100853	39.35	100847	40.09	112468	102	33.2	2.29	4.26	471.0
82	199	31.9	100852	39.83	100853	39.75	112395	102	33.3	2.41	2.21	478.94
83	194	32.0	100841	39.53	100853	39.11	112943	102	33.2	2.13	5.51	523.9
84	200	32.0	100855	39.71	100851	39.47	112693	102	33.4	2.45	3.89	385.16
85	200	32.0	100857	38.84	100859	38.82	112443	102	33.2	2.31	3.27	556.25
86	198	32.1	100853	39.37	100855	39.42	112633	102	33.1	2.35	3.3	559.29
87	196	32.0	100858	39.42	100856	38.76	112887	102	33.2	2.33	5.58	387.36
88	199	32.0	100847	39.48	100856	39.06	113310	103	33.2	2.11	3.94	461.6
89	196	32.0	100850	39.75	100855	39.46	112766	102	33.3	2.33	4.7	382.95
90	199	32.0	100853	39.26	100851	38.98	112528	102	33.2	2.17	3.1	451.07
91	197	32.0	100855	39.05	100858	39.15	113135	102	33.3	2.03	1.14	545.04
92	198	32.1	100853	39.22	100852	39.47	113046	102	33.4	2.17	5.31	549.26
93	195	31.9	100853	39.56	100851	39.38	112885	102	33.2	1.97	5.0	474.58
94	193	31.9	100852	39.21	100849	39.64	112969	102	33.2	2.04	1.83	385.63
95	191	32.0	100862	39.12	100857	39.27	113089	102	33.3	2.35	4.04	384.48
96	191	32.0	100856	39.15	100851	39.98	112751	102	33.2	2.38	3.08	534.73
97	192	31.9	100851	39.98	100855	39.64	112747	102	33.3	2.01	4.9	551.54
98	194	32.1	100848	39.58	100856	39.4	112478	102	33.2	1.97	2.66	451.57
99	195	31.9	100848	39.22	100854	39.68	112772	102	33.2	2.38	4.49	536.51
100	194	32.0	100855	39.27	100859	39.4	113081	102	33.2	2.19	5.68	393.84
101	195	32.8	100855	39.54	100853	39.53	112962	102	33.9	2.02	1.44	512.89
102	193	33.7	100851	39.72	100846	39.76	112605	102	34.8	2.18	4.88	494.02
103	194	34.6	100854	39.8	100847	39.73	112503	102	35.5	1.95	5.17	386.09
104	193	35.4	100848	39.66	100852	39.58	112938	102	36.1	2.11	2.24	435.25
105	198	36.3	100854	39.37	100851	39.58	112674	102	36.9	2.01	4.49	507.16
106	201	37.2	100851	39.85	100852	39.44	112554	102	37.5	2.24	5.04	522.1
107	192	38.0	100850	39.35	100854	39.5	112905	102	38.2	1.99	4.28	476.25
108	192	38.9	100852	39.01	100851	38.94	113075	102	39.1	2.10	5.46	420.28
109	192	39.6	100852	39.4	100853	39.36	113080	102	39.8	2.12	1.78	533.39
110	195	40.7	100854	39.56	100854	39.09	112955	102	40.3	2.29	3.33	477.49
111	195	41.5	100857	39.6	100845	39.8	112805	102	41.2	1.87	2.21	444.45
112	194	42.3	100851	39.46	100849	39.79	112731	102	41.7	1.94	5.6	449.53
113	197	43.2	100854	39.17	100859	38.67	113058	102	42.6	1.93	5.11	440.78
114	194	39.6	100853	39.6	100853	39.9	112821	102	39.4	1.84	3.75	505.86
115	192	39.1	100852	39.49	100850	39.47	112579	102	39.2	1.50	6.29	545.0
116	196	38.8	100847	39.42	100851	39.25	113242	102	38.9	1.41	4.02	382.15
117	192	38.5	100857	39.57	100846	39.56	113107	102	38.6	1.37	5.54	536.58
118	192	38.2	100849	39.7	100854	39.71	112788	102	38.4	0.85	3.23	416.44
119	194	37.8	100847	39.28	100847	39.57	112708	102	38.1	0.85	3.71	412.5
120	195	37.5	100848	39.68	100848	39.61	112894	102	37.8	0.98	6.06	509.6
121	196	37.2	100854	38.49	100851	39.01	112978	102	37.5	0.73	1.52	471.39
122	195	36.9	100851	39.14	100852	38.89	112276	102	37.2	0.31	6.76	496.57
123	195	36.5	100847	39.41	100849	40.08	112602	102	36.9	0.30	4.47	468.4
124	194	36.1	100849	39.55	100852	39.47	112969	102	36.7	0.92	3.07	462.65
125	199	35.9	100847	39.61	100848	40.18	112878	102	36.5	0.85	1.85	480.71
126	195	35.6	100847	39.87	100852	39.92	112380	102	36.1	0.95	4.48	575.85
127	197	35.3	100855	39.44	100854	39.33	112654	102	36.0	1.07	5.26	448.76
128	198	34.8	100848	39.51	100848	39.83	112714	102	35.8	1.04	1.99	414.53
129	205	34.5	100855	39.05	100848	39.76	113110	102	35.3	1.33	6.7	415.71
130	196	34.3	100858	39.36	100855	39.58	112378	102	35.0	1.27	5.14	533.94
131	194	34.0	100847	40.1	100849	39.67	112671	102	34.9	1.48	5.01	534.53
132	197	33.6	100850	39.53	100850	39.8	113016	102	34.7	1.49	2.95	523.71
133	196	33.3	100852	39.15	100850	39.66	112405	102	34.2	1.26	2.86	568.82
134	201	32.9	100846	39.89	100850	39.65	112599	102	34.2	1.55	2.55	544.84
135	199	32.6	100855	39.19	100853	39.27	112897	102	33.7	1.48	6.61	491.13
136	204	32.3	100852	39.54	100852	39.5	112548	102	33.6	1.56	15.46	499.5
137	200	32.0	100847	39.4	100853	39.27	112668	102	33.2	1.62	11.91	375.58
138	201	32.0	100852	39.19	100853	39.79	112241	102	33.3	1.66	5.47	393.35
139	199	32.0	100846	39.72	100853	39.62	112141	101	33.4	1.57	7.45	554.0
140	199	32.0	100850	39.73	100852	39.7	112308	102	33.1	1.99	5.89	506.19
141	199	32.0	100851	39.67	100853	39.99	112403	102	33.3	1.79	4.11	558.4
142	197	32.0	100852	39.06	100851	39.52	111776	101	33.2	1.72	7.44	379.0
143	195	32.1	100858	38.68	100849	39.42	112279	102	33.1	2.13	4.85	542.29
144	196	32.1	100853	39.55	100847	39.65	112246	102	33.1	1.98	5.08	502.05
145	188	32.0	100847	39.21	100847	40.0	112341	102	33.2	2.29	10.72	541.44
146	189	32.1	100855	39.52	100853	40.1	111899	101	33.3	2.13	7.04	562.8
147	187	32.0	100848	39.78	100845	39.94	112179	101	33.1	2.31	3.51	437.71
148	192	32.0	100848	39.76	100851	39.33	112335	102	33.3	2.37	3.78	398.58
149	192	31.9	100845	39.89	100838	39.76	112015	101	33.3	2.03	4.89	569.94
150	189	32.0	100847	40.04	100846	40.49	112045	101	33.3	2.40	4.46	502.09
151	188	32.1	100847	39.98	100848	39.76	112275	102	33.1	2.37	7.17	458.62
152	195	32.1	100853	39.38	100851	39.09	112215	102	33.2	2.23	5.35	556.75
153	187	32.0	100845	40.05	100847	40.27	111531	101	33.3	2.43	2.48	566.77
154	187	32.0	100847	40.11	100845	39.56	111983	101	33.1	2.25	7.34	380.15
155	189	32.0	100841	39.93	100847	39.3	111926	101	33.3	2.40	3.71	522.9
156	187	32.0	100845	39.96	100839	39.49	112165	101	33.3	2.05	11.27	493.04
157	190	32.1	100842	40.25	100855	39.3	111635	101	33.2	2.23	6.42	441.4
158	191	31.9	100854	39.61	100854	39.22	112158	101	33.4	2.01	5.81	429.44
159	186	32.1	100847	39.45	100847	39.31	112432	102	33.4	2.38	5.09	394.42
160	200	32.1	100852	39.35	100853	39.33	112314	102	33.2	2.37	4.21	425.65
161	195	32.0	100851	40.11	100850	39.57	111677	101	33.1	2.17	4.36	381.9
162	189	32.1	100860	39.1	100849	39.74	112216	102	33.1	1.97	4.13	565.04
163	187	32.0	100850	39.45	100858	39.74	112087	101	33.1	2.44	4.48	390.35
164	184	32.1	100854	39.43	100856	38.95	112564	102	33.1	2.33	1.56	515.31
165	184	32.2	100854	39.12	100861	38.9	112219	102	33.2	2.10	5.62	431.36
166	187	32.2	100857	39.56	100849	39.4	111950	101	33.3	2.19	5.75	394.47
167	187	32.1	100846	39.29	100852	38.71	112243	102	33.2	2.01	3.62	473.63
168	185	32.1	100854	38.68	100861	39.11	112592	102	33.2	1.96	4.14	392.8
169	186	32.1	100858	38.8	100854	39.09	112501	102	33.4	2.22	3.46	453.01
170	185	32.1	100849	39.5	100851	39.56	112296	102	33.2	2.11	6.72	447.21
171	185	32.1	100854	39.14	100854	39.2	112733	102	33.3	2.22	2.05	437.02
172	184	32.0	100852	39.13	100845	39.35	112687	102	33.3	2.35	14.05	559.99
173	187	32.0	100850	39.68	100861	38.79	112415	102	33.3	2.26	1.26	401.79
174	191	32.1	100855	39.27	100858	38.84	112265	102	33.3	2.41	5.13	412.96
175	187	32.1	100855	38.94	100855	39.3	112049	101	33.2	2.40	4.39	529.75
176	197	32.2	100861	38.74	100854	39.13	112325	102	33.2	2.40	10.36	547.77
177	183	32.2	100859	39.0	100856	38.8	111929	101	33.4	2.12	8.26	404.42
178	196	32.1	100850	39.62	100849	39.53	111748	101	33.3	2.31	2.14	559.32
179	195	32.2	100857	39.07	100852	39.06	111829	101	33.3	2.37	7.97	423.56
180	190	32.1	100855	39.71	100853	39.18	111765	101	33.2	2.07	2.05	521.28
181	187	32.1	100850	39.42	100851	39.84	111731	101	33.3	1.95	9.47	572.34
182	187	32.1	100853	39.14	100849	38.89	112102	101	33.1	2.24	6.44	413.51
183	187	32.1	100852	39.71	100849	39.68	112016	101	33.2	2.24	3.64	448.69
184	184	32.1	100853	39.2	100850	39.56	112204	102	33.2	2.18	5.06	471.92
185	190	32.1	100848	39.48	100853	39.67	112124	101	33.3	2.41	8.57	560.38
186	187	32.1	100853	39.37	100850	40.07	112400	102	33.1	2.02	4.79	503.41
187	187	32.2	100850	39.57	100849	39.49	112201	102	33.2	2.35	8.46	487.94
188	186	32.0	100851	39.66	100857	39.5	112181	101	33.2	1.99	4.69	568.15
189	185	32.1	100852	39.33	100854	39.88	111864	101	33.4	2.02	6.23	500.48
190	187	32.2	100855	39.29	100853	39.4	112003	101	33.2	2.07	2.54	423.44
191	186	32.1	100851	39.64	100852	39.52	112369	102	33.3	1.96	4.05	414.43
192	187	32.0	100853	39.25	100854	39.38	111666	101	33.3	2.05	5.81	530.79
193	179	32.2	100851	39.78	100845	39.58	111921	101	33.2	2.18	4.81	525.95
194	178	32.1	100851	39.43	100852	39.76	112231	102	33.4	2.03	5.1	480.74
195	181	32.1	100850	39.41	100853	39.64	111996	101	33.4	2.25	7.43	547.46
196	184	32.0	100857	39.2	100849	39.46	111682	101	33.2	2.11	4.04	454.5
197	202	32.1	100858	39.21	100848	39.67	111945	101	33.4	2.20	1.37	441.33
198	187	32.1	100852	39.44	100847	39.62	112576	102	33.1	2.21	4.82	534.22
199	186	32.1	100854	38.99	100847	39.73	112045	101	33.1	2.30	6.56	427.67
200	191	32.0	100847	39.19	100851	39.62	112126	101	33.2	2.32	4.12	538.49
