1	190	32.0	100851	39.51	100852	39.11	88669	80	33.2	1.45	4.24	461.37
2	189	32.0	100857	39.58	100850	40.13	88578	80	33.2	1.48	3.17	495.38
3	189	32.0	100850	39.39	100852	40.04	88500	80	33.1	1.49	4.93	439.69
4	187	32.0	100848	40.42	100851	39.05	88062	80	33.1	1.48	1.8	373.83
5	191	32.0	100856	39.19	100850	39.11	88468	80	33.4	1.57	2.84	460.17
6	191	32.1	100849	39.54	100851	39.42	88645	80	33.4	1.54	4.38	428.12
7	192	32.0	100852	39.01	100854	38.86	88440	80	33.2	1.51	2.51	520.26
8	194	32.0	100855	39.01	100851	39.12	88584	80	33.1	1.59	1.53	430.51
9	196	32.0	100854	39.6	100856	39.26	89512	81	33.1	1.54	5.19	418.72
10	192	31.9	100847	39.94	100853	39.49	89591	81	33.2	1.55	4.75	506.66
11	192	32.0	100852	38.63	100850	38.62	89281	81	33.2	1.47	2.88	492.72
12	194	32.0	100854	39.09	100856	39.16	87562	79	33.2	1.45	6.76	499.1
13	196	32.1	100850	39.44	100855	38.79	89491	81	33.1	1.53	4.66	393.43
14	195	32.0	100860	38.82	100864	38.75	86952	79	33.2	1.51	1.82	475.69
15	191	32.0	100850	39.63	100856	39.09	86330	78	33.3	1.46	2.92	405.99
16	191	32.0	100866	38.7	100856	38.79	86052	78	33.3	1.51	3.59	465.13
17	193	32.0	100852	39.45	100860	38.85	86755	78	33.1	1.55	5.34	446.58
18	197	32.0	100858	39.52	100856	38.72	87472	79	33.2	1.49	4.82	480.72
19	192	31.9	100856	39.43	100859	39.17	87403	79	33.4	1.55	3.06	504.12
20	192	32.0	100855	39.39	100853	39.03	87413	79	33.3	1.47	0.92	527.27
21	194	32.0	100860	39.58	100854	39.49	86917	79	33.2	1.56	7.54	365.71
22	197	32.0	100849	38.73	100861	38.33	87748	79	33.3	1.52	5.6	429.92
23	197	32.0	100855	39.54	100860	38.98	87751	79	33.2	1.56	3.2	562.31
24	192	32.0	100855	39.18	100857	38.83	87234	79	33.4	1.50	1.62	548.5
25	193	32.0	100856	39.1	100867	38.5	87442	79	33.3	1.48	6.22	431.83
26	196	31.9	100863	39.03	100857	39.18	87770	79	33.4	1.53	5.96	540.98
27	196	32.1	100850	39.6	100855	39.78	87490	79	33.4	1.45	1.92	430.19
28	193	31.9	100853	39.66	100846	39.7	87487	79	33.3	1.45	5.45	470.47
29	193	32.0	100851	39.21	100857	39.33	87935	79	33.3	1.51	3.2	374.77
30	193	32.0	100853	39.56	100853	38.83	88328	80	33.3	1.45	4.38	419.89
31	195	32.0	100845	38.91	100854	39.78	88647	80	33.3	1.57	6.01	448.29
32	193	32.0	100848	40.0	100855	39.58	88755	80	33.4	1.56	4.64	475.58
33	191	32.0	100853	38.84	100852	38.74	88103	80	33.1	1.56	2.28	412.66
34	190	32.0	100849	39.32	100852	39.06	88483	80	33.3	1.55	6.01	411.95
35	190	32.0	100852	39.46	100854	39.16	88231	80	33.4	1.56	4.14	540.13
36	190	32.1	100862	38.78	100840	39.88	88509	80	33.3	1.53	1.48	501.15
37	194	32.0	100847	40.21	100851	39.83	88034	80	33.3	1.49	2.86	460.33
38	191	32.0	100851	39.01	100850	38.94	88768	80	33.2	1.49	5.6	478.55
39	189	32.1	100847	39.59	100853	39.8	88846	80	33.3	1.58	2.34	552.81
40	200	32.0	100854	40.27	100853	39.27	88771	80	33.3	1.51	3.71	501.86
41	195	32.0	100849	39.93	100841	39.5	88873	80	33.3	1.57	2.85	424.05
42	191	32.0	100853	40.44	100853	39.89	88777	80	33.3	1.47	1.72	420.25
43	191	31.9	100849	39.5	100850	39.31	89100	81	33.2	1.50	3.95	522.33
44	191	32.0	100850	39.8	100854	39.45	88494	80	33.2	1.58	5.86	508.53
45	190	32.0	100848	39.44	100852	39.57	88038	80	33.2	1.48	5.35	568.61
46	191	32.0	100849	39.86	100856	39.71	88093	80	33.2	1.57	5.08	434.69
47	190	32.0	100856	39.42	100856	39.52	88785	80	33.2	1.44	2.62	514.77
48	197	32.1	100850	39.86	100849	39.27	88449	80	33.3	1.54	3.83	434.11
49	190	32.0	100847	39.69	100844	39.65	88181	80	33.4	1.46	4.98	476.23
50	194	32.1	100847	40.15	100847	40.12	88255	80	33.2	1.56	4.73	465.15
51	195	32.0	100857	39.05	100848	39.05	88843	80	33.3	1.57	4.31	417.59
52	191	32.0	100856	39.37	100857	39.1	88197	80	33.3	1.46	7.15	413.93
53	191	31.9	100845	39.11	100853	39.43	88525	80	33.2	1.57	4.32	401.93
54	192	31.9	100849	39.27	100848	39.71	88516	80	33.2	1.55	4.32	470.9
55	191	32.0	100847	39.93	100843	39.63	89013	80	33.4	1.42	2.26	379.96
56	195	32.0	100853	39.87	100851	39.91	88730	80	33.1	1.52	2.85	431.91
57	195	32.0	100849	39.25	100849	39.37	88698	80	33.3	1.50	6.05	376.11
58	195	32.1	100856	39.74	100853	38.94	88876	80	33.3	1.46	6.83	524.39
59	193	31.9	100857	39.12	100855	39.07	88928	80	33.3	1.55	5.94	376.51
60	194	32.0	100856	39.56	100845	39.47	88345	80	33.2	1.48	4.08	532.65
61	194	32.0	100853	39.67	100846	40.0	88234	80	33.3	1.56	2.19	516.74
62	197	32.0	100852	39.62	100846	39.94	88656	80	33.1	1.45	6.34	523.97
63	196	32.0	100846	39.87	100847	39.54	88295	80	33.2	1.59	6.28	497.31
64	198	32.0	100855	39.12	100855	39.55	87795	79	33.1	1.57	4.55	551.31
65	197	32.0	100848	39.98	100852	39.6	87976	79	33.2	1.58	7.06	483.57
66	199	32.0	100849	38.91	100854	39.62	88333	80	33.3	1.50	2.24	500.66
67	195	32.0	100850	39.48	100847	39.53	88653	80	33.2	1.53	5.0	515.91
68	196	31.9	100848	39.01	100856	39.11	88011	80	33.3	1.59	2.48	472.04
69	209	32.1	100853	39.35	100850	39.7	88295	80	33.3	1.58	2.96	389.23
70	203	32.0	100853	39.54	100853	39.0	88095	80	33.3	1.53	2.55	508.2
71	196	32.0	100854	39.75	100858	39.57	88668	80	33.3	1.48	6.42	536.47
72	196	32.0	100844	39.23	100853	39.55	88031	80	33.3	1.50	4.13	420.73
73	197	32.0	100846	39.39	100852	39.55	88016	80	33.2	1.49	4.76	542.42
74	195	32.1	100854	38.75	100855	39.43	88149	80	33.1	1.54	3.66	505.61
75	195	32.0	100854	39.33	100850	39.66	88604	80	33.5	1.57	8.19	477.11
76	195	32.1	100856	39.55	100847	40.25	87944	79	33.3	1.56	3.08	472.24
77	198	32.0	100844	39.05	100851	39.38	88086	80	33.3	1.52	11.97	563.4
78	197	32.0	100847	39.36	100848	39.95	88594	80	33.3	1.59	8.97	492.94
79	197	32.1	100850	39.6	100849	39.41	88428	80	33.4	1.53	2.21	420.56
80	201	31.9	100854	39.25	100853	39.52	87890	79	33.1	1.46	6.6	450.98
81	199	32.0	100854	39.29	100849	39.93	87898	79	33.3	1.53	1.87	544.0
82	197	32.0	100853	39.73	100855	39.56	87834	79	33.2	1.49	2.23	563.94
83	194	32.1	100841	39.49	100850	39.31	88078	80	33.2	1.48	5.24	492.9
84	200	32.1	100857	39.58	100852	39.39	88075	80	33.2	1.60	5.41	501.16
85	198	32.1	100856	38.9	100859	38.83	87787	79	33.2	1.56	4.85	524.25
86	198	32.0	100854	39.27	100855	39.4	87957	79	33.3	1.56	3.28	515.29
87	196	32.0	100858	39.46	100853	38.97	88468	80	33.1	1.49	3.45	518.36
88	199	32.0	100846	39.6	100856	39.07	88181	80	33.2	1.49	6.97	521.6
89	196	32.0	100850	39.79	100854	39.56	88283	80	33.2	1.44	6.0	449.95
90	199	32.0	100850	39.52	100849	39.18	88109	80	33.2	1.44	3.1	487.07
91	197	32.0	100855	39.12	100857	39.23	88062	80	33.2	1.58	2.04	416.04
92	198	32.0	100853	39.28	100851	39.56	88636	80	33.3	1.55	6.12	477.26
93	195	32.0	100852	39.66	100852	39.37	88186	80	33.1	1.56	7.34	471.58
94	193	32.0	100850	39.32	100849	39.7	88371	80	33.3	1.56	3.38	559.63
95	193	32.0	100861	39.14	100856	39.36	88196	80	33.1	1.56	1.42	517.48
96	193	32.1	100858	39.02	100857	39.5	88449	80	33.3	1.55	6.99	498.73
97	192	32.0	100850	40.07	100853	39.81	88255	80	33.1	1.56	2.47	406.54
98	192	31.9	100848	39.58	100854	39.56	88367	80	33.3	1.53	2.24	416.57
99	193	32.0	100848	39.23	100853	39.72	88444	80	33.4	1.54	5.58	420.51
100	192	32.0	100853	39.42	100859	39.43	88413	80	33.2	1.53	5.78	428.84
101	197	31.9	100856	39.48	100854	39.38	88011	80	33.3	1.46	5.71	380.89
102	193	32.0	100854	39.5	100848	39.55	88395	80	33.3	1.46	6.48	549.02
103	196	32.0	100854	39.86	100848	39.68	87812	79	33.1	1.50	5.64	383.09
104	193	32.0	100851	39.45	100855	39.35	88362	80	33.2	1.52	6.95	527.25
105	196	32.0	100856	39.16	100853	39.44	88064	80	33.2	1.49	4.27	414.16
106	203	32.0	100852	39.73	100854	39.26	87932	79	33.2	1.45	4.01	504.1
107	192	32.0	100849	39.43	100851	39.75	87953	79	33.2	1.58	3.55	419.25
108	192	32.5	100851	39.07	100848	39.21	88314	80	33.6	1.63	1.94	539.28
109	192	32.9	100854	39.23	100854	39.22	88623	80	34.0	1.92	2.75	550.39
110	197	33.2	100853	39.67	100853	39.14	88111	80	34.3	2.01	5.35	471.49
111	195	33.8	100858	39.54	100847	39.64	88287	80	34.9	2.24	5.48	557.45
112	196	34.2	100853	39.31	100850	39.66	88339	80	35.2	2.41	2.7	541.53
113	195	34.6	100852	39.31	100857	38.81	88255	80	35.7	2.47	6.38	572.78
114	194	35.1	100854	39.47	100856	39.68	88126	80	35.9	2.76	2.65	430.86
115	192	35.6	100852	39.53	100851	39.41	88503	80	36.4	2.85	4.83	470.0
116	196	36.0	100849	39.26	100853	39.11	88177	80	36.7	2.93	5.26	517.15
117	194	36.3	100857	39.57	100848	39.46	88514	80	37.0	3.25	8.3	443.58
118	194	36.9	100846	39.94	100851	39.97	87705	79	37.6	3.29	2.63	438.44
119	196	37.2	100845	39.43	100844	39.81	87884	79	38.0	3.48	4.36	452.5
120	195	37.8	100847	39.74	100849	39.53	88074	80	38.4	3.74	6.44	477.6
121	194	38.1	100854	38.51	100852	38.95	88012	80	38.6	3.89	4.35	545.39
122	195	38.7	100852	39.11	100852	38.88	87986	79	39.0	4.02	2.96	536.57
123	193	39.1	100849	39.29	100851	39.95	88097	80	39.5	4.20	4.35	384.4
124	194	39.6	100848	39.66	100851	39.61	88319	80	39.7	4.40	5.42	403.65
125	197	37.0	100849	39.46	100851	39.95	88381	80	37.7	3.36	4.1	519.71
126	195	36.8	100847	39.84	100852	39.93	87649	79	37.3	3.35	2.95	496.85
127	199	36.7	100852	39.69	100853	39.43	88310	80	37.3	3.17	2.72	543.76
128	198	36.4	100848	39.48	100849	39.73	88344	80	37.2	3.09	2.75	453.53
129	205	36.2	100854	39.2	100850	39.6	88446	80	37.1	3.17	3.81	505.71
130	196	36.1	100857	39.44	100853	39.74	87678	79	36.7	3.02	5.33	385.94
131	194	35.9	100848	40.04	100851	39.52	87913	79	36.5	3.02	5.95	528.53
132	195	35.7	100852	39.37	100853	39.55	88358	80	36.6	2.90	6.79	444.71
133	196	35.6	100851	39.29	100850	39.64	87742	79	36.3	2.85	2.08	420.82
134	199	35.4	100846	39.94	100848	39.82	87685	79	36.3	2.85	3.52	442.84
135	201	35.2	100853	39.34	100851	39.39	87831	79	36.2	2.72	5.74	559.13
136	204	35.1	100852	39.48	100853	39.4	87996	79	36.0	2.60	18.13	432.5
137	200	34.9	100846	39.52	100850	39.54	87622	79	35.6	2.63	9.07	407.58
138	199	34.8	100849	39.43	100849	40.09	87746	79	35.7	2.56	5.79	387.35
139	199	34.7	100844	39.92	100850	39.83	87692	79	35.6	2.53	6.16	448.0
140	199	34.3	100850	39.73	100851	39.73	87536	79	35.3	2.45	2.41	427.19
141	199	34.2	100853	39.47	100856	39.74	87816	79	35.2	2.37	2.95	399.4
142	197	34.0	100851	39.13	100851	39.54	87347	79	35.0	2.29	7.73	504.0
143	197	33.8	100855	38.96	100847	39.6	87868	79	34.8	2.27	6.44	396.29
144	198	33.7	100855	39.41	100851	39.34	87882	79	34.7	2.15	4.69	385.05
145	190	33.5	100849	39.03	100850	39.71	87805	79	34.5	2.03	12.28	523.44
146	189	33.3	100854	39.62	100854	39.99	87562	79	34.4	2.09	4.33	415.8
147	189	33.1	100848	39.72	100845	39.91	87536	79	34.2	2.02	6.07	498.71
148	192	32.9	100849	39.63	100853	39.15	87660	79	34.2	1.87	4.49	488.58
149	194	32.8	100845	39.94	100838	39.79	87385	79	34.0	1.89	7.45	515.94
150	187	32.7	100846	40.12	100844	40.64	87683	79	33.8	1.81	3.61	512.09
151	188	32.6	100847	39.98	100847	39.85	87291	79	33.7	1.66	4.63	516.62
152	195	32.3	100853	39.43	100851	39.07	87490	79	33.6	1.61	1.23	417.75
153	187	32.2	100847	39.95	100845	40.38	87338	79	33.4	1.64	5.5	388.77
154	187	32.0	100849	39.95	100845	39.62	87181	79	33.3	1.46	3.67	448.15
155	189	31.9	100840	40.01	100846	39.41	87229	79	33.3	1.45	4.12	424.9
156	187	32.0	100843	40.13	100837	39.68	87855	79	33.2	1.48	9.25	415.04
157	190	32.1	100841	40.36	100854	39.4	86789	78	33.4	1.58	2.98	415.4
158	189	32.0	100853	39.69	100853	39.3	87392	79	33.2	1.52	1.17	450.44
159	186	32.1	100847	39.43	100845	39.53	87283	79	33.4	1.59	2.07	473.42
160	200	32.1	100853	39.29	100855	39.19	87479	79	33.2	1.55	6.03	491.65
161	195	32.0	100853	39.93	100852	39.45	87258	79	33.1	1.47	4.1	542.9
162	189	32.1	100860	39.09	100851	39.62	87158	79	33.1	1.45	6.43	395.04
163	187	32.1	100851	39.34	100858	39.71	87707	79	33.3	1.59	3.72	451.35
164	186	32.0	100854	39.44	100856	38.94	87605	79	33.2	1.48	3.54	412.31
165	184	32.1	100854	39.09	100862	38.82	87894	79	33.3	1.46	4.07	506.36
166	185	32.1	100859	39.46	100851	39.26	87248	79	33.2	1.54	2.5	431.47
167	189	32.2	100844	39.46	100851	38.87	88043	80	33.3	1.46	2.29	514.63
168	185	32.1	100854	38.67	100860	39.17	88047	80	33.3	1.56	4.34	407.8
169	188	32.1	100858	38.87	100854	39.1	88191	80	33.3	1.48	6.13	409.01
170	187	32.1	100851	39.33	100855	39.28	87442	79	33.2	1.51	2.28	494.21
171	185	32.1	100853	39.26	100852	39.33	87677	79	33.4	1.49	6.13	439.02
172	184	32.0	100852	39.17	100846	39.23	88051	80	33.3	1.45	13.88	449.99
173	187	32.2	100847	39.92	100856	39.16	87511	79	33.2	1.47	5.06	568.79
174	189	32.1	100854	39.3	100857	38.93	87634	79	33.2	1.51	8.25	413.96
175	187	32.1	100856	38.86	100857	39.18	87315	79	33.2	1.52	1.55	489.75
176	199	32.2	100860	38.81	100851	39.43	87541	79	33.3	1.57	9.94	454.77
177	183	32.0	100858	39.06	100855	38.9	87170	79	33.2	1.47	6.33	416.42
178	196	32.1	100851	39.53	100850	39.41	87380	79	33.2	1.47	2.48	493.32
179	195	32.1	100856	39.15	100854	38.96	87375	79	33.2	1.59	5.88	410.56
180	192	32.1	100855	39.75	100852	39.22	87204	79	33.3	1.46	1.94	551.28
181	187	32.1	100851	39.36	100852	39.72	86655	78	33.2	1.59	8.43	499.34
182	185	32.2	100854	39.12	100849	38.95	87318	79	33.1	1.53	6.04	395.51
183	187	32.2	100852	39.78	100847	39.8	87806	79	33.3	1.45	4.34	569.69
184	184	32.2	100854	39.08	100850	39.55	88062	80	33.3	1.60	7.82	458.92
185	190	32.1	100851	39.25	100857	39.34	87439	79	33.1	1.49	7.62	544.38
186	185	32.2	100856	39.12	100854	39.74	87745	79	33.1	1.58	5.06	561.41
187	185	32.1	100850	39.62	100846	39.75	87454	79	33.3	1.49	12.8	548.94
188	186	32.0	100852	39.6	100859	39.34	87627	79	33.2	1.52	6.0	433.15
189	185	32.1	100854	39.2	100856	39.76	87598	79	33.2	1.50	4.8	574.48
190	185	32.1	100855	39.27	100855	39.24	87285	79	33.3	1.60	2.6	433.44
191	186	32.1	100852	39.57	100852	39.47	87670	79	33.2	1.59	6.53	472.43
192	185	32.1	100852	39.35	100854	39.39	87145	79	33.2	1.58	7.45	537.79
193	179	32.1	100850	39.82	100845	39.57	87318	79	33.1	1.54	3.14	474.95
194	178	32.0	100853	39.26	100855	39.52	87431	79	33.2	1.58	2.47	464.74
195	183	32.1	100849	39.48	100853	39.7	87443	79	33.2	1.60	8.15	504.46
196	184	32.0	100855	39.34	100848	39.53	87253	79	33.2	1.52	6.3	439.5
197	200	32.1	100857	39.22	100847	39.72	87409	79	33.3	1.51	3.52	503.33
198	187	32.1	100854	39.28	100849	39.45	87459	79	33.3	1.50	2.04	440.22
199	188	32.1	100854	39.03	100848	39.7	87281	79	33.2	1.61	7.59	485.67
200	191	32.1	100846	39.27	100851	39.54	87392	79	33.3	1.53	4.11	516.49
