1	265	30.4	101167	13.53	101168	14.45	99496	90	30.91	1.87	3.93	817.62
2	263	30.4	101165	13.88	101174	13.93	98402	89	30.86	1.92	43.09	506.65
3	259	30.4	101166	14.02	101167	14.39	99162	90	30.94	1.88	30.48	430.68
4	273	30.5	101168	14.05	101166	13.84	96001	87	30.8	1.8	41.39	998.88
5	252	30.4	101171	13.46	101164	14.37	97546	88	30.82	1.84	7.97	840.13
6	259	30.5	101162	14.38	101167	13.97	96661	87	30.84	1.73	72.69	862.05
7	261	30.5	101172	14.32	101164	14.45	95219	86	30.84	1.8	51.4	392.29
8	252	30.4	101166	14.95	101164	14.21	97741	88	30.9	1.7	44.74	533.9
9	262	30.5	101168	13.42	101175	14.03	97768	88	30.87	1.9	16.68	495.21
10	260	30.5	101167	13.85	101170	13.39	97174	88	30.83	1.86	21.62	598.39
11	258	30.5	101172	13.71	101173	14.44	95505	86	30.63	1.69	7.18	918.97
12	258	30.5	101166	14.26	101165	14.04	96112	87	30.82	1.88	19.59	825.3
13	259	30.4	101164	14.15	101170	14.46	96842	88	30.88	1.81	21.33	395.14
14	258	30.5	101164	14.27	101166	14.02	96596	87	30.91	1.77	4.72	1029.7
15	260	30.4	101160	13.64	101173	14.29	95673	86	30.86	1.75	1.82	553.36
16	258	30.5	101169	14.1	101169	13.99	95878	87	30.9	1.81	6.59	648.09
17	258	30.6	101173	14.09	101164	14.16	94177	85	30.87	1.75	14.32	861.48
18	259	30.5	101165	14.38	101158	13.71	93924	85	30.68	1.68	20.58	701.32
19	258	30.6	101165	14.42	101173	14.31	93350	84	30.96	1.72	13.82	439.59
20	257	30.5	101173	13.59	101165	13.91	95451	86	30.8	1.77	18.5	503.05
21	263	30.5	101167	14.22	101163	14.4	96813	88	31.01	1.84	3.34	961.44
22	262	30.5	101173	14.55	101166	14.43	95172	86	30.83	1.79	7.5	545.98
23	260	30.5	101169	13.81	101168	14.36	93789	85	30.92	1.82	20.53	325.42
24	262	30.4	101160	14.02	101164	14.58	92643	84	30.77	1.77	4.56	855.35
25	259	30.5	101165	14.45	101168	14.26	93272	84	30.83	1.87	4.37	777.25
26	259	30.5	101165	14.54	101165	14.05	93515	85	30.82	1.76	2.2	568.34
27	258	30.5	101163	14.23	101163	13.49	94423	85	30.91	1.91	12.27	447.19
28	259	30.4	101162	13.85	101165	14.5	94567	85	30.77	1.76	17.6	715.96
29	263	30.5	101160	14.92	101159	14.38	94526	85	30.82	1.8	10.88	642.42
30	261	30.6	101160	14.68	101154	14.69	93919	85	30.75	1.7	5.71	483.37
31	260	30.5	101158	14.61	101158	15.23	94269	85	30.93	1.83	4.03	842.29
32	260	30.5	101158	14.88	101157	14.59	93671	85	30.72	1.86	32.41	573.32
33	262	30.5	101163	13.65	101162	14.48	93071	84	30.86	1.85	13.6	412.16
34	260	30.5	101173	13.54	101169	14.54	93034	84	30.97	1.81	19.08	837.96
35	258	30.5	101163	14.51	101159	14.25	93028	84	30.82	1.72	6.22	369.92
36	261	30.5	101167	14.41	101160	14.75	92562	84	30.94	1.8	20.28	392.7
37	260	30.5	101166	14.54	101165	14.54	92664	84	30.8	1.68	10.66	969.45
38	260	30.4	101159	14.24	101161	14.5	91840	83	30.79	1.59	40.17	901.44
39	265	30.5	101163	14.03	101163	14.5	91877	83	30.84	1.89	16.78	635.87
40	262	30.5	101162	14.9	101158	14.21	92414	84	30.83	1.8	5.85	848.82
41	263	30.5	101168	14.42	101157	14.94	92230	83	30.86	1.72	12.44	632.71
42	263	30.5	101164	14.23	101161	14.37	90540	82	30.97	1.69	13.41	728.75
43	261	30.5	101166	14.28	101173	14.33	90483	82	30.92	1.81	9.88	433.32
44	260	30.5	101159	14.53	101160	14.27	90877	82	30.89	1.75	3.95	829.99
45	259	30.5	101161	14.36	101163	14.74	91298	82	30.78	1.79	2.63	429.93
46	261	30.5	101163	14.82	101166	14.56	91167	82	30.92	1.86	17.49	674.82
47	259	30.5	101158	14.65	101174	14.51	90955	82	30.77	1.69	2.8	909.54
48	259	30.4	101173	14.23	101159	14.61	90744	82	30.74	1.71	5.72	471.34
49	260	30.5	101160	14.43	101158	14.47	90594	82	30.81	1.73	14.3	476.13
50	262	30.4	101167	13.86	101168	14.11	91007	82	30.85	1.72	11.71	836.85
51	262	30.5	101158	14.75	101159	14.32	92143	83	30.68	1.81	16.74	676.59
52	259	30.5	101157	14.55	101155	15.11	90264	82	30.76	1.75	12.56	560.36
53	258	30.6	101154	15.03	101153	14.92	87121	79	30.91	1.78	10.62	975.0
54	261	30.5	101159	14.62	101160	14.45	85922	78	30.88	1.68	1.28	974.78
55	262	30.5	101161	14.28	101159	14.89	83974	76	30.78	1.73	2.6	511.59
56	259	30.4	101161	14.25	101162	14.4	82254	74	30.82	1.8	25.08	359.15
57	259	30.5	101161	14.51	101163	14.13	86719	78	30.82	1.77	7.97	974.99
58	260	30.5	101155	15.05	101154	14.71	80493	73	30.83	1.88	9.93	487.84
59	259	30.6	101155	15.03	101162	14.79	82419	74	30.7	1.79	7.92	855.47
60	259	30.5	101155	15.46	101154	15.34	82255	74	30.97	1.82	18.98	870.22
61	259	30.5	101155	15.02	101155	15.02	96260	87	30.86	1.89	16.53	547.77
62	259	30.5	101159	14.81	101156	15.19	96213	87	30.91	1.8	10.07	900.21
63	259	30.5	101157	14.61	101159	15.24	96990	88	30.82	1.68	16.79	810.8
64	259	30.5	101158	14.7	101161	14.5	96664	87	30.85	1.74	8.46	560.47
65	261	30.5	101156	14.78	101161	15.15	97081	88	30.73	1.75	17.41	510.11
66	259	30.5	101159	14.01	101162	14.31	96421	87	30.79	1.75	21.24	496.61
67	259	30.4	101163	14.25	101161	14.62	96430	87	30.9	1.7	16.55	948.17
68	258	30.5	101155	14.96	101154	15.04	96656	87	30.8	1.82	12.79	1025.47
69	257	30.4	101155	14.26	101160	15.18	96173	87	30.87	1.8	7.49	680.99
70	258	30.5	101163	14.81	101155	14.19	96450	87	30.77	1.68	6.76	339.62
71	262	30.5	101164	14.61	101159	14.51	96305	87	30.96	1.68	7.2	608.07
72	258	30.5	101163	14.32	101160	14.53	96200	87	30.91	1.69	10.22	453.52
73	261	30.5	101163	14.73	101157	14.54	96121	87	30.9	1.69	2.31	976.06
74	257	30.4	101162	14.72	101162	14.35	96421	87	30.8	1.84	13.13	875.42
75	258	30.5	101164	14.7	101161	14.57	95887	87	30.84	1.72	14.81	341.7
76	257	30.4	101161	14.21	101162	14.34	95899	87	30.79	1.75	20.04	368.28
77	259	30.5	101161	14.12	101162	14.57	96087	87	30.9	1.91	12.32	951.72
78	256	30.4	101156	14.96	101161	14.5	95905	87	30.91	1.73	14.73	629.0
79	256	30.4	101156	14.92	101164	13.98	95833	87	30.91	1.69	3.01	755.53
80	256	30.5	101157	14.66	101158	14.27	95821	87	30.77	1.92	16.93	707.92
81	259	30.5	101164	14.24	101160	14.25	95636	86	30.87	1.85	19.2	646.44
82	258	30.5	101162	15.02	101160	14.55	96140	87	30.77	1.79	9.13	941.1
83	257	30.5	101160	14.24	101167	14.23	96242	87	30.73	1.9	7.97	515.35
84	256	30.7	101159	14.4	101159	15.2	95714	87	30.68	1.89	8.96	806.62
85	256	30.6	101159	14.78	101164	14.56	96016	87	30.79	1.87	19.05	534.29
86	259	30.5	101162	14.53	101166	14.56	96152	87	30.82	1.75	20.25	547.77
87	257	30.5	101160	14.71	101160	14.81	95562	86	30.91	1.9	11.11	388.96
88	258	30.5	101166	14.53	101164	14.0	95923	87	30.65	1.75	11.94	964.43
89	258	30.6	101156	14.88	101162	14.97	95452	86	31.0	1.87	9.47	856.77
90	263	30.6	101156	14.8	101159	14.3	95859	87	30.91	1.69	3.38	750.91
91	259	30.6	101162	15.28	101156	14.84	96000	87	31.0	1.86	17.01	389.27
92	259	30.6	101160	14.9	101154	14.84	95692	86	30.84	1.77	20.43	627.8
93	258	30.7	101159	14.34	101161	14.56	95607	86	30.94	1.7	21.07	953.84
94	259	30.6	101156	14.72	101163	14.42	95871	87	30.72	1.76	20.91	457.26
95	259	30.6	101161	14.9	101159	14.32	95833	87	30.81	1.7	5.59	705.62
96	261	30.7	101165	14.46	101165	14.54	95226	86	30.9	1.87	20.14	933.97
97	259	30.6	101162	14.68	101153	14.77	95617	86	30.82	1.79	3.32	352.24
98	257	30.5	101157	15.25	101155	15.13	95513	86	30.7	1.7	3.43	829.53
99	260	30.7	101156	15.34	101162	15.0	95653	86	30.73	1.71	4.44	561.77
100	257	30.6	101163	14.46	101163	14.51	94992	86	30.85	1.84	14.7	559.97
101	257	30.6	101162	14.71	101160	14.4	95395	86	30.93	1.91	19.57	814.33
102	256	30.5	101157	15.01	101162	14.49	95311	86	30.83	1.68	12.93	470.56
103	257	30.5	101159	15.05	101161	14.89	95589	86	30.96	1.81	22.22	678.05
104	257	30.5	101160	14.52	101165	14.59	95637	86	30.88	1.9	17.44	762.27
105	258	30.6	101158	15.21	101152	14.74	95190	86	30.72	1.86	17.91	953.49
106	256	30.6	101159	14.87	101164	14.62	95490	86	30.68	1.87	2.96	733.7
107	258	30.6	101151	14.5	101163	14.16	95819	87	30.82	1.84	8.17	831.08
108	260	30.5	101158	14.64	101155	14.55	95803	87	30.82	1.81	17.54	533.16
109	257	30.5	101162	14.47	101155	15.26	95894	87	31.05	1.76	14.05	601.29
110	259	30.6	101161	14.88	101157	14.12	96006	87	30.89	1.71	14.4	927.53
111	258	30.6	101155	15.1	101160	14.03	95790	87	30.81	1.76	6.28	734.93
112	258	30.6	101157	15.04	101157	14.59	95473	86	30.78	1.92	20.49	776.28
113	258	30.6	101156	14.31	101162	14.84	95889	87	30.84	1.8	10.54	627.46
114	258	30.6	101159	14.95	101156	14.71	95460	86	30.87	1.8	10.33	368.6
115	258	30.6	101154	14.31	101161	14.88	95412	86	30.93	1.76	13.94	617.73
116	259	30.5	101158	14.79	101160	14.98	95207	86	30.78	1.84	5.24	716.98
117	259	30.6	101160	14.36	101160	14.85	95581	86	30.87	1.75	10.57	373.04
118	258	30.7	101164	14.76	101157	14.52	95244	86	30.77	1.72	15.8	691.2
119	260	30.7	101164	14.38	101162	14.56	95189	86	30.75	1.76	16.14	988.26
120	257	30.6	101162	14.74	101166	14.58	95371	86	30.72	1.73	1.74	586.58
121	258	30.6	101160	15.05	101159	14.6	95380	86	30.77	1.77	6.94	529.59
122	258	30.6	101157	14.92	101158	14.21	95396	86	30.76	1.79	10.84	399.79
123	258	30.6	101165	14.8	101161	13.96	95464	86	30.72	1.68	11.72	523.83
124	258	30.6	101166	15.24	101155	15.09	95640	86	30.7	1.87	8.98	480.16
125	259	30.6	101152	15.23	101156	14.96	95140	86	30.84	1.88	11.14	411.24
126	259	30.6	101157	15.11	101159	14.41	95128	86	30.95	1.71	3.59	543.37
127	262	30.6	101163	14.79	101166	14.63	95058	86	30.72	1.75	3.67	732.59
128	258	30.6	101160	14.43	101157	14.22	95425	86	30.77	1.79	3.13	784.78
129	258	30.6	101164	14.82	101161	14.89	95263	86	30.83	1.79	15.67	886.97
130	258	30.6	101156	15.02	101165	14.05	95112	86	30.98	1.82	16.22	515.29
131	260	30.6	101158	14.62	101163	14.64	95074	86	30.82	1.7	15.24	977.47
132	258	30.6	101165	14.06	101169	13.51	95164	86	30.82	1.87	12.06	856.53
133	260	30.6	101161	14.31	101161	14.36	95172	86	30.77	1.8	6.32	658.62
134	261	30.7	101162	14.37	101161	14.65	95069	86	30.84	1.84	19.13	750.86
135	260	30.6	101163	13.91	101164	14.32	94769	86	30.98	1.72	9.75	723.08
136	260	30.5	101164	14.15	101167	13.89	95170	86	30.68	1.73	8.04	427.19
137	260	30.6	101164	14.08	101162	14.6	95158	86	30.75	1.72	5.67	878.32
138	259	30.6	101161	14.55	101161	14.54	95297	86	30.88	1.91	18.05	596.54
139	258	30.6	101165	14.62	101157	14.93	94964	86	30.8	1.93	16.81	704.73
140	259	30.5	101164	14.56	101164	15.19	94722	86	30.86	1.79	6.09	728.84
141	261	30.6	101157	14.77	101159	14.81	94826	86	30.72	1.88	9.83	549.74
142	261	30.6	101163	14.2	101164	14.74	94773	86	30.82	1.73	11.79	376.92
143	262	30.7	101158	14.64	101160	13.92	94796	86	30.72	1.81	4.83	754.01
144	258	30.5	101165	14.01	101168	14.55	94565	85	30.89	1.71	8.83	425.7
145	258	30.6	101163	14.22	101158	14.77	94496	85	30.84	1.72	14.44	678.4
146	262	30.6	101164	14.95	101158	14.42	94761	86	30.82	1.91	3.84	1026.71
147	262	30.6	101166	14.1	101160	14.25	94652	86	31.0	1.73	10.75	896.99
148	260	30.5	101159	14.8	101160	14.72	94639	86	30.88	1.68	9.77	790.01
149	257	30.6	101159	14.75	101152	15.12	94905	86	30.93	1.9	17.64	512.05
150	259	30.6	101159	14.75	101162	14.51	94929	86	30.76	1.87	20.05	602.33
151	257	30.6	101163	14.5	101160	14.32	94239	85	30.77	1.72	18.73	758.47
152	257	30.7	101163	14.57	101160	14.8	94791	86	30.81	1.79	11.27	537.46
153	260	30.6	101161	14.29	101159	14.68	94597	85	30.77	1.8	13.72	608.78
154	258	30.6	101158	14.57	101166	14.42	94876	86	30.94	1.92	11.5	478.93
155	258	30.6	101154	14.95	101159	15.01	94110	85	30.94	1.86	2.89	795.97
156	258	30.6	101158	14.67	101161	14.94	94828	86	30.9	1.84	6.38	492.09
157	259	30.6	101163	14.52	101164	14.53	94335	85	30.83	1.79	14.09	920.11
158	260	30.6	101157	14.41	101160	14.4	94864	86	30.89	1.81	6.41	644.0
159	258	30.6	101156	15.29	101160	14.73	94152	85	30.88	1.7	1.63	406.08
160	260	30.6	101167	15.31	101155	14.35	94476	85	30.94	1.7	13.2	747.27
161	258	30.6	101163	14.63	101156	14.41	94440	85	30.68	1.86	4.62	683.36
162	261	30.6	101165	14.67	101173	13.96	94915	86	30.94	1.87	20.71	547.42
163	262	30.6	101161	14.36	101160	14.39	94239	85	30.98	1.71	11.25	824.44
164	258	30.7	101159	14.73	101154	14.52	94320	85	30.73	1.93	3.78	720.6
165	258	30.6	101160	14.3	101158	14.77	94392	85	30.96	1.68	4.24	585.52
166	260	30.6	101159	14.39	101158	14.16	94503	85	30.82	1.86	19.35	456.59
167	258	30.7	101168	14.24	101164	14.54	94238	85	30.65	1.7	18.49	569.58
168	259	30.6	101163	14.48	101165	14.28	94663	86	30.88	1.76	8.62	899.66
169	260	30.6	101162	14.67	101158	14.93	94494	85	30.85	1.75	12.03	384.76
170	258	30.6	101160	14.71	101159	14.75	94478	85	30.78	1.87	9.77	636.86
171	258	30.6	101160	14.64	101159	14.45	94364	85	30.79	1.92	9.61	658.9
172	264	30.6	101165	14.08	101161	14.49	94365	85	30.79	1.92	11.93	994.04
173	259	30.6	101162	14.58	101165	14.23	94760	86	30.96	1.86	2.94	956.17
174	261	30.6	101153	14.67	101153	15.11	94479	85	30.77	1.81	0.95	997.27
175	260	30.6	101157	14.35	101162	14.51	94481	85	30.87	1.75	1.36	1013.44
176	260	30.5	101157	14.51	101164	14.75	94661	86	30.72	1.7	6.62	663.54
177	259	30.6	101159	14.64	101161	14.47	94370	85	30.7	1.88	16.57	769.57
178	256	30.6	101161	14.69	101162	14.26	94116	85	30.79	1.94	14.56	973.68
179	256	30.6	101166	14.11	101165	13.48	93788	85	30.82	1.69	16.97	604.55
180	257	30.6	101166	14.18	101166	14.41	94532	85	30.93	1.71	9.05	957.49
181	257	30.7	101158	14.26	101157	14.22	94531	85	30.7	1.78	8.77	908.55
182	260	30.6	101168	14.34	101167	14.1	94588	85	30.79	1.73	11.79	672.57
183	256	30.6	101162	14.59	101167	14.16	94031	85	30.8	1.92	11.83	390.53
184	256	30.6	101157	14.49	101161	14.48	94464	85	30.89	1.74	8.23	664.77
185	258	30.6	101167	13.75	101161	14.08	94099	85	30.87	1.83	10.41	367.26
186	255	30.6	101164	14.77	101163	14.53	94690	86	30.83	1.85	9.68	997.21
187	257	30.6	101155	14.38	101162	14.73	94159	85	30.8	1.79	16.55	944.27
188	256	30.6	101163	14.33	101162	14.68	94424	85	30.91	1.71	8.03	804.32
189	256	30.6	101165	14.55	101158	14.75	94473	85	30.94	1.9	8.77	485.09
190	256	30.6	101158	14.52	101163	14.66	94175	85	30.76	1.7	6.43	903.33
191	257	30.7	101155	14.75	101150	15.03	94222	85	30.88	1.75	7.44	724.62
192	259	30.6	101158	14.86	101155	14.8	94371	85	30.79	1.83	11.22	693.73
193	259	30.6	101164	14.8	101168	14.46	94018	85	30.91	1.79	19.09	521.71
194	257	30.7	101162	14.41	101167	14.2	94347	85	30.82	1.92	3.32	485.87
195	258	30.5	101163	14.43	101173	14.08	94127	85	31.04	1.91	13.68	598.8
196	257	30.5	101163	13.99	101166	14.42	94137	85	30.82	1.81	20.36	595.85
197	258	30.6	101163	14.71	101167	14.91	94029	85	30.68	1.87	16.79	596.72
198	258	30.6	101163	15.04	101165	14.32	94156	85	30.71	1.91	3.72	373.91
199	256	30.6	101167	14.46	101161	14.88	93960	85	30.77	1.89	14.73	866.0
200	257	30.6	101162	14.84	101162	14.42	94210	85	30.81	1.89	16.67	804.17
201	257	30.6	101159	15.02	101162	14.19	94082	85	30.76	1.72	15.38	944.97
202	259	30.6	101164	13.95	101169	14.08	94090	85	30.78	1.85	10.89	551.05
203	259	30.6	101161	15.01	101156	14.09	93943	85	30.94	1.84	10.91	563.27
204	258	30.7	101158	14.13	101157	14.55	94046	85	30.89	1.8	19.26	451.18
205	260	30.6	101173	14.22	101158	14.84	94411	85	30.63	1.8	19.56	770.27
206	256	30.6	101152	15.02	101162	14.4	94211	85	30.73	1.83	3.15	430.21
207	259	30.6	101163	13.36	101171	13.82	94129	85	30.82	1.72	5.9	1030.36
208	256	30.6	101163	14.24	101170	14.41	94280	85	30.82	1.75	15.94	801.56
209	258	30.5	101163	14.68	101161	14.94	94588	85	30.88	1.9	8.46	383.63
210	259	30.6	101156	14.49	101165	14.35	94133	85	30.72	1.89	13.39	967.67
211	260	30.6	101158	14.94	101157	15.21	94447	85	30.86	1.8	12.39	730.59
212	258	30.6	101162	15.13	101155	14.65	94106	85	30.83	1.7	16.81	549.99
213	257	30.7	101162	14.17	101163	14.31	94445	85	30.72	1.89	1.02	994.08
214	257	30.7	101157	15.07	101165	13.96	93952	85	30.72	1.87	13.15	823.04
215	256	30.7	101160	14.61	101159	14.93	94163	85	30.73	1.93	5.39	687.1
216	259	30.7	101161	14.29	101161	14.2	94313	85	30.86	1.71	7.86	449.04
217	258	30.6	101165	15.13	101159	14.95	94244	85	30.75	1.79	16.59	1003.92
218	259	30.6	101158	14.42	101157	14.76	93968	85	30.77	1.77	20.67	936.02
219	257	30.5	101150	15.21	101162	14.35	93732	85	30.79	1.68	4.54	965.15
220	260	30.7	101163	14.84	101162	14.64	93829	85	30.91	1.72	3.23	377.05
221	257	30.6	101161	14.68	101159	14.81	94136	85	30.72	1.82	18.05	443.29
222	258	30.6	101164	14.4	101165	15.12	93792	85	30.79	1.74	3.15	502.16
223	258	30.6	101157	14.55	101156	14.97	93931	85	30.86	1.79	20.27	782.24
224	259	30.6	101159	14.96	101153	15.18	94315	85	30.82	1.68	2.96	565.37
225	257	30.6	101155	15.43	101159	14.99	94180	85	30.72	1.8	7.81	895.24
226	259	30.6	101149	15.04	101152	15.22	94058	85	30.76	1.84	7.92	399.35
227	257	30.6	101154	14.96	101156	14.78	93644	85	30.83	1.72	13.13	362.41
228	257	30.6	101155	14.26	101161	14.77	93751	85	30.86	1.73	14.58	559.46
229	260	30.5	101163	14.45	101161	14.68	93687	85	30.71	1.77	21.01	1048.42
230	258	30.6	101166	14.81	101163	15.12	93607	85	30.85	1.78	1.77	392.56
231	260	30.6	101154	14.76	101164	14.78	94041	85	30.83	1.76	3.6	388.45
232	256	30.6	101159	14.41	101164	14.72	93601	85	30.92	1.69	7.11	559.46
233	256	30.6	101157	14.91	101158	14.34	93859	85	31.0	1.77	19.86	634.5
234	258	30.6	101159	14.66	101155	14.59	93635	85	30.72	1.76	16.86	948.55
235	258	30.6	101162	14.35	101159	14.36	94049	85	30.82	1.8	3.43	931.37
236	257	30.6	101158	14.65	101160	14.5	95019	86	30.73	1.8	9.26	830.33
237	257	30.6	101162	14.56	101156	14.49	94870	86	30.83	1.9	16.38	622.17
238	257	30.6	101156	15.52	101150	14.65	96057	87	30.88	1.86	6.34	369.07
239	257	30.6	101157	15.13	101156	15.09	96393	87	30.72	1.89	11.3	574.96
240	258	30.6	101160	14.82	101152	14.47	95986	87	30.83	1.8	1.78	770.25
241	261	30.7	101154	14.95	101155	14.52	95943	87	30.93	1.71	18.72	469.65
242	257	30.6	101152	15.36	101152	15.21	96089	87	30.85	1.89	12.66	590.62
243	258	30.6	101159	14.52	101163	14.79	95692	86	30.72	1.92	20.83	369.51
244	259	30.6	101153	15.27	101154	14.74	95907	87	30.85	1.81	5.86	866.48
245	257	30.6	101153	14.59	101155	14.52	93520	85	30.72	1.85	12.47	524.14
246	257	30.6	101152	14.93	101159	14.98	92637	84	30.82	1.75	7.43	880.88
247	259	30.6	101153	14.75	101154	14.83	90526	82	30.83	1.87	2.29	756.82
248	259	30.6	101154	14.98	101155	15.2	88784	80	30.84	1.92	16.77	428.83
249	257	30.6	101157	14.79	101157	15.21	88791	80	30.78	1.86	7.89	786.89
250	258	30.6	101151	15.3	101161	14.99	91941	83	30.8	1.88	4.96	987.99
251	260	30.6	101155	15.11	101155	15.41	90325	82	30.78	1.82	3.68	897.83
252	257	30.6	101161	14.46	101157	14.67	90946	82	30.77	1.83	9.55	997.89
253	257	30.6	101157	14.74	101161	14.7	91334	83	30.79	1.91	10.43	752.92
254	256	30.6	101158	15.05	101160	14.93	91369	83	30.63	1.86	18.19	786.86
255	256	30.7	101155	14.61	101160	14.62	92575	84	30.89	1.71	7.62	777.0
256	256	30.6	101155	14.85	101155	14.79	92963	84	30.79	1.88	11.93	403.15
257	258	30.5	101155	15.31	101158	14.71	92951	84	30.72	1.82	8.08	701.19
258	256	30.6	101155	15.17	101149	14.94	92769	84	30.9	1.73	10.66	358.19
259	258	30.6	101160	14.83	101159	15.08	92464	84	30.77	1.79	5.32	1052.18
260	256	30.6	101159	15.13	101154	14.59	92463	84	30.96	1.86	14.76	589.13
261	258	30.6	101159	14.68	101154	15.29	92411	84	30.77	1.83	12.64	1001.23
262	258	30.6	101153	15.38	101157	15.1	92437	84	30.91	1.74	5.65	437.16
263	256	30.6	101156	14.91	101150	15.03	91934	83	31.01	1.81	9.77	379.25
264	257	30.5	101147	15.52	101154	14.74	92103	83	30.76	1.87	1.47	632.31
265	255	30.7	101159	14.7	101156	14.53	92137	83	30.73	1.77	20.75	935.36
266	255	30.7	101157	14.32	101159	14.83	92104	83	30.75	1.8	6.06	369.27
267	259	30.5	101161	14.32	101158	14.79	91737	83	30.72	1.79	0.69	848.37
268	255	30.7	101164	15.01	101161	14.4	91768	83	30.72	1.83	12.76	931.32
269	256	30.6	101157	14.75	101154	15.05	92293	83	30.84	1.7	5.93	925.29
270	256	30.7	101161	14.71	101161	14.5	92132	83	30.87	1.79	4.44	945.32
271	261	30.6	101160	15.16	101160	14.71	91946	83	30.85	1.79	5.38	660.33
272	258	30.6	101159	14.76	101160	14.53	91795	83	30.86	1.73	6.46	385.08
273	256	30.6	101159	14.71	101154	15.37	92101	83	30.86	1.88	20.89	471.14
274	258	30.6	101157	14.87	101157	14.72	92298	83	30.96	1.85	12.75	836.68
275	260	30.6	101154	14.86	101158	15.2	92026	83	30.77	1.89	6.89	952.28
276	259	30.6	101161	15.35	101158	14.94	91260	82	30.83	1.73	42.52	405.68
277	260	30.6	101161	14.23	101164	14.47	93169	84	30.77	1.78	23.2	825.21
278	261	30.6	101158	14.85	101162	14.59	92876	84	30.72	1.84	38.39	640.69
279	260	30.6	101157	15.08	101159	14.97	92219	83	30.75	1.93	11.5	592.93
280	258	30.5	101167	14.29	101159	14.79	91656	83	30.89	1.9	26.65	561.82
281	259	30.6	101160	15.5	101156	15.67	91670	83	30.67	1.81	16.28	684.06
282	259	30.5	101162	14.71	101165	14.54	92462	84	30.96	1.75	16.82	647.97
283	260	30.6	101154	15.1	101151	14.94	92522	84	30.85	1.9	16.54	390.21
284	261	30.6	101156	15.37	101154	14.4	92864	84	30.87	1.84	13.92	789.59
285	260	30.6	101156	15.12	101153	15.23	92749	84	30.89	1.92	17.4	661.96
286	257	30.6	101149	15.31	101153	14.93	91876	83	30.72	1.87	30.47	414.59
287	260	30.7	101164	14.88	101154	14.81	92244	83	30.84	1.89	30.12	978.19
288	257	30.6	101155	15.11	101152	14.71	91025	82	30.86	1.78	16.58	387.59
289	257	30.6	101158	15.22	101157	14.93	92139	83	30.96	1.76	4.91	603.48
290	254	30.6	101163	14.88	101159	14.29	92571	84	30.89	1.91	16.55	508.21
291	262	30.6	101161	15.29	101152	15.1	90378	82	30.72	1.75	34.06	526.92
292	259	30.5	101154	14.98	101155	14.59	91475	83	30.91	1.79	15.65	856.19
293	258	30.5	101152	14.59	101161	14.83	91877	83	30.91	1.82	18.3	888.35
294	256	30.6	101160	14.63	101156	15.3	92479	84	30.82	1.72	25.4	957.52
295	256	30.5	101155	14.6	101159	14.9	92543	84	30.68	1.86	22.88	420.58
296	252	30.6	101157	15.02	101153	14.79	92894	84	30.96	1.73	9.5	386.89
297	252	30.6	101160	14.8	101157	14.56	92217	83	30.79	1.85	18.27	344.09
298	252	30.6	101165	14.49	101161	14.28	92625	84	30.77	1.92	2.95	823.33
299	252	30.5	101163	14.89	101159	14.93	93147	84	30.77	1.78	14.44	728.43
300	253	30.6	101163	14.53	101162	14.92	92978	84	30.79	1.82	18.37	861.67
301	254	30.6	101157	15.29	101159	14.77	92853	84	30.9	1.82	25.5	572.88
302	256	30.5	101158	15.44	101155	14.9	92452	84	30.91	1.87	3.24	836.92
303	251	30.7	101150	15.11	101165	14.37	92510	84	30.83	1.91	6.66	480.32
304	253	30.5	101162	15.12	101152	14.78	92387	83	30.82	1.75	22.02	709.67
305	252	30.6	101156	15.31	101162	14.73	92876	84	30.72	1.95	7.54	800.88
306	253	30.6	101153	14.99	101160	15.26	92651	84	30.74	1.86	7.77	950.97
307	254	30.5	101155	14.71	101155	15.22	92203	83	30.77	1.68	10.75	1032.96
308	252	30.5	101164	14.41	101162	14.74	91361	83	30.85	1.77	13.51	897.55
309	256	30.7	101158	14.51	101157	14.64	92941	84	30.93	1.73	39.23	378.69
310	236	30.6	101155	14.67	101156	15.09	92951	84	30.74	1.91	34.18	751.93
311	232	30.6	101157	15.12	101158	14.69	92673	84	30.87	1.74	29.84	803.5
312	249	30.7	101157	15.13	101155	14.67	93090	84	30.82	1.74	17.82	421.21
313	237	30.6	101156	15.24	101155	15.47	93172	84	30.91	1.87	13.1	972.26
314	238	30.6	101152	14.9	101152	15.24	92895	84	30.83	1.98	20.44	990.38
315	241	30.5	101157	13.85	101162	14.22	92216	83	30.75	1.76	54.66	475.61
316	240	30.6	101158	15.34	101158	14.64	92326	83	30.85	1.96	31.43	937.16
317	238	30.7	101153	14.34	101161	14.52	91175	82	30.91	1.82	23.3	579.69
318	238	30.7	101152	14.96	101158	14.83	92285	83	30.93	1.95	9.75	518.03
319	237	30.6	101159	15.43	101156	15.23	92407	84	30.86	1.82	15.27	833.16
320	239	30.6	101154	14.71	101155	15.09	91980	83	30.85	1.79	15.41	905.51
321	239	30.6	101165	14.85	101157	14.26	91688	83	30.77	1.76	13.4	621.81
322	237	30.7	101150	15.03	101160	15.57	92070	83	30.77	1.94	13.63	372.04
323	238	30.6	101157	14.7	101164	14.77	92160	83	31.01	1.8	14.4	867.26
324	243	30.7	101157	15.38	101157	15.14	91714	83	30.84	1.83	21.26	1007.74
325	240	30.6	101155	15.3	101154	14.9	91634	83	30.92	1.82	12.42	420.05
326	239	30.6	101153	14.56	101153	15.1	91769	83	30.87	1.77	22.56	729.14
327	239	30.5	101155	15.2	101153	15.39	91867	83	30.72	1.92	2.35	980.32
328	235	30.6	101148	14.8	101155	15.45	91469	83	30.99	1.83	19.6	636.66
329	235	30.7	101156	15.63	101156	14.64	91596	83	30.88	1.96	9.6	895.17
330	237	30.7	101159	15.44	101152	14.56	92238	83	30.86	1.8	20.04	607.05
331	238	30.6	101163	14.91	101157	15.33	91071	82	30.88	1.82	17.19	402.38
332	234	30.7	101155	14.96	101159	15.1	91512	83	30.79	1.86	33.49	755.65
333	234	30.6	101154	15.15	101150	15.02	91683	83	30.77	1.81	13.42	433.01
334	236	30.6	101155	15.1	101151	15.02	91798	83	30.72	1.8	22.65	667.7
335	235	30.6	101162	14.76	101159	14.65	91763	83	30.84	1.85	13.14	883.1
336	234	30.5	101157	14.84	101158	15.56	92238	83	30.83	1.77	19.99	712.47
337	233	30.6	101154	15.68	101148	15.1	91703	83	30.77	1.73	9.71	527.98
338	235	30.6	101157	15.03	101153	14.87	92111	83	30.58	1.93	35.77	606.31
339	239	30.6	101148	15.21	101156	15.21	92133	83	30.82	1.95	6.96	956.43
340	237	30.7	101156	14.83	101155	15.27	92226	83	30.95	1.89	21.15	646.8
341	239	30.6	101160	14.55	101155	14.06	92278	83	30.96	1.72	7.42	819.0
342	238	30.6	101160	14.14	101160	14.28	92239	83	30.73	1.85	1.2	454.3
343	243	30.6	101160	14.22	101162	14.62	92506	84	30.68	1.93	1.72	782.48
344	240	30.6	101158	14.36	101162	14.74	91914	83	30.88	1.89	8.12	478.71
345	235	30.6	101159	14.34	101161	14.87	91623	83	30.86	1.94	16.77	486.92
346	238	30.6	101157	14.74	101160	14.63	92197	83	30.77	1.91	17.0	433.09
347	234	30.5	101159	15.03	101160	15.23	92070	83	30.9	1.85	9.46	1025.15
348	233	30.6	101154	14.89	101152	15.04	91875	83	30.79	1.73	6.03	1009.41
349	233	30.7	101150	15.23	101158	14.75	92214	83	30.91	1.89	20.3	476.51
350	234	30.6	101154	14.9	101160	14.82	92441	84	30.91	1.88	14.2	614.77
351	235	30.6	101156	14.84	101154	14.79	92094	83	30.85	1.93	17.95	824.99
352	236	30.6	101155	14.74	101157	14.59	92097	83	30.86	1.86	11.36	401.22
353	236	30.6	101158	14.95	101160	15.21	92419	84	30.85	1.86	3.52	436.32
354	239	30.6	101148	14.96	101149	15.44	92464	84	30.97	1.88	12.34	541.43
355	238	30.6	101163	14.62	101159	14.58	91812	83	30.75	1.87	8.95	526.51
356	240	30.7	101157	15.11	101154	14.84	92172	83	30.73	1.85	4.02	492.82
357	239	30.6	101155	15.02	101155	15.39	92204	83	30.84	1.93	8.72	617.04
358	237	30.6	101151	15.33	101151	15.2	92695	84	30.98	1.76	1.17	357.22
359	236	30.6	101156	14.96	101153	15.13	92117	83	30.92	1.92	15.09	704.35
360	239	30.5	101157	14.99	101151	15.46	92143	83	30.99	1.92	10.11	795.48
361	239	30.7	101152	14.98	101156	15.07	92282	83	30.63	1.95	10.58	872.54
362	236	30.5	101154	14.88	101154	14.78	92703	84	30.68	1.89	5.41	958.65
363	236	30.6	101156	15.1	101160	14.32	92212	83	30.82	1.94	2.34	389.84
364	243	30.6	101165	14.8	101158	14.81	92691	84	30.88	1.77	4.33	712.03
365	236	30.6	101161	14.92	101164	15.17	92806	84	30.78	1.75	11.91	634.18
366	237	30.6	101158	14.8	101151	15.6	92464	84	30.68	1.92	4.1	1017.4
367	237	30.5	101157	15.04	101155	14.88	92145	83	30.96	1.92	1.1	1003.5
368	238	30.5	101161	14.17	101156	14.74	92642	84	30.95	1.81	9.52	895.63
369	235	30.6	101160	15.44	101149	15.4	92813	84	30.72	1.96	18.58	399.82
370	235	30.6	101159	15.43	101150	15.38	92968	84	30.67	1.78	1.91	399.94
371	237	30.7	101157	15.46	101154	14.88	92682	84	30.99	1.87	1.58	858.14
372	241	30.6	101163	14.8	101163	14.62	92788	84	30.92	1.89	6.09	800.29
373	235	30.6	101161	14.28	101156	14.71	92542	84	30.83	1.85	12.9	706.46
374	237	30.6	101153	14.84	101155	15.68	92790	84	30.93	1.91	19.74	579.58
375	238	30.6	101162	14.96	101153	14.86	92415	84	30.68	1.98	5.78	837.79
376	235	30.6	101154	14.39	101163	14.6	92455	84	30.82	1.94	18.3	413.91
377	235	30.6	101160	15.26	101159	15.2	92975	84	30.95	1.72	16.31	650.09
378	235	30.6	101159	15.02	101159	14.9	92254	83	30.72	1.97	18.13	983.71
379	237	30.6	101153	15.1	101160	15.2	92863	84	30.88	1.89	8.73	932.04
380	238	30.6	101146	15.53	101153	15.22	92976	84	30.91	1.93	30.71	828.83
381	235	30.7	101149	15.34	101159	15.05	92544	84	30.82	1.7	19.25	595.07
382	239	30.6	101158	14.82	101159	15.21	92419	84	30.85	1.86	7.27	475.17
383	244	30.6	101160	14.3	101164	14.52	92586	84	30.85	1.98	17.09	583.1
384	243	30.5	101163	14.45	101159	14.95	93072	84	30.95	1.79	16.42	368.05
385	247	30.6	101155	14.53	101159	15.39	92209	83	30.96	1.92	16.85	699.94
386	246	30.6	101157	14.97	101155	15.1	92058	83	30.77	1.81	8.86	437.33
387	251	30.6	101150	15.29	101151	14.67	91953	83	31.0	1.9	23.95	948.92
388	248	30.6	101153	14.69	101147	15.69	92793	84	30.81	1.67	7.69	906.32
389	248	30.6	101148	15.4	101150	15.29	92913	84	30.83	1.77	13.11	826.61
390	249	30.5	101157	14.83	101156	15.01	93274	84	30.77	1.89	8.1	628.35
391	252	30.6	101155	14.64	101156	15.25	93014	84	30.77	1.88	17.16	965.4
392	253	30.6	101149	14.84	101154	15.34	92400	84	30.72	1.95	22.72	469.23
393	254	30.6	101152	15.37	101151	15.19	92727	84	30.78	1.8	7.95	394.33
394	253	30.6	101154	14.8	101155	14.72	93087	84	30.87	1.84	8.93	831.2
395	255	30.7	101152	14.83	101157	14.84	92777	84	30.89	1.85	23.04	486.98
396	253	30.6	101154	15.03	101158	14.56	92377	83	30.84	1.89	15.5	468.17
397	248	30.5	101160	14.17	101168	14.41	92387	83	30.98	1.69	24.41	513.52
398	245	30.6	101166	13.38	101167	14.15	92838	84	30.76	1.89	4.32	807.54
399	245	30.7	101158	14.25	101168	14.05	92586	84	30.86	1.74	4.59	827.05
400	246	30.6	101164	14.39	101168	14.41	92914	84	30.94	1.96	14.3	847.2
401	246	30.6	101159	14.0	101166	14.04	93108	84	31.03	1.67	11.21	931.23
402	247	30.5	101163	14.42	101152	14.78	92137	83	30.84	1.82	17.6	927.61
403	251	30.7	101159	14.98	101161	14.88	92772	84	30.69	1.93	11.9	691.25
404	255	30.6	101163	14.55	101162	14.5	92714	84	30.87	1.76	21.19	845.06
405	254	30.6	101159	14.45	101159	14.94	92925	84	30.85	1.78	15.69	824.76
406	255	30.5	101163	14.39	101166	14.51	93197	84	30.93	1.98	2.94	386.98
407	253	30.5	101165	14.21	101163	14.43	92791	84	30.83	1.77	21.72	441.58
408	252	30.6	101160	14.79	101165	14.24	92988	84	30.77	1.81	21.43	607.77
409	251	30.6	101157	14.76	101158	14.74	92511	84	31.01	1.93	44.4	411.91
410	250	30.6	101157	15.09	101156	15.0	92487	84	30.85	1.88	20.44	431.13
411	249	30.6	101162	14.67	101160	14.27	93043	84	30.77	1.86	14.78	556.1
412	257	30.6	101162	14.19	101164	14.59	92713	84	30.82	1.76	25.46	954.74
413	250	30.7	101155	14.99	101161	15.06	92428	84	31.1	1.93	2.27	1010.6
414	254	30.5	101159	15.2	101158	14.84	93075	84	30.96	1.92	12.62	618.96
415	242	30.6	101162	14.45	101160	14.58	92880	84	30.8	1.94	3.78	729.08
416	238	30.6	101159	14.87	101159	14.71	92592	84	30.82	1.93	10.5	957.22
417	237	30.6	101154	14.82	101152	15.03	92756	84	30.82	1.89	21.04	664.69
418	237	30.6	101158	14.87	101164	14.59	92541	84	30.97	1.75	21.72	905.63
419	233	30.6	101159	14.34	101165	14.14	92762	84	30.99	1.82	18.81	693.8
420	235	30.6	101161	14.88	101160	14.59	92143	83	30.87	1.95	13.69	360.66
421	235	30.6	101155	15.09	101160	14.55	92609	84	30.99	1.79	9.55	733.6
422	235	30.6	101165	14.8	101163	14.73	92268	83	30.97	1.84	10.84	966.72
423	237	30.7	101167	14.27	101159	14.68	92182	83	30.88	1.75	2.86	574.76
424	234	30.6	101157	14.38	101155	15.14	91752	83	30.88	1.85	11.32	845.98
425	240	30.7	101155	14.59	101153	14.72	91904	83	30.77	1.73	17.39	877.94
426	233	30.6	101164	14.54	101156	14.68	91831	83	30.91	1.73	6.27	624.86
427	233	30.7	101161	14.48	101163	14.49	92104	83	30.85	1.73	19.95	434.85
428	234	30.7	101161	14.71	101164	14.71	91924	83	30.82	1.92	19.51	540.81
429	237	30.6	101157	14.79	101154	14.7	91945	83	30.77	1.86	19.88	934.74
430	230	30.7	101163	14.35	101162	14.05	92211	83	30.77	1.9	12.72	546.61
431	232	30.7	101159	14.18	101163	14.45	91815	83	30.83	1.92	4.84	403.56
432	229	30.6	101164	14.72	101160	14.86	91900	83	31.01	1.76	18.08	741.53
433	235	30.5	101160	14.35	101162	14.49	91713	83	30.77	1.94	20.42	599.0
434	230	30.6	101165	14.81	101164	14.64	92060	83	31.03	1.88	22.92	742.72
435	230	30.6	101162	14.77	101158	14.29	91777	83	30.82	1.9	26.65	565.55
436	232	30.5	101158	14.96	101156	14.61	91785	83	30.86	1.9	13.7	406.5
437	229	30.6	101161	14.34	101163	14.42	92300	83	30.79	1.75	4.43	950.43
438	233	30.6	101163	14.2	101166	14.52	92118	83	30.74	1.81	10.55	439.0
439	229	30.6	101170	14.4	101163	14.9	91418	83	30.99	1.81	7.9	504.03
440	229	30.5	101163	14.38	101159	14.52	91943	83	30.72	1.76	21.0	369.21
441	231	30.6	101166	13.62	101163	14.48	92022	83	30.81	1.91	20.62	607.19
442	231	30.6	101162	14.58	101159	14.45	92249	83	30.86	1.74	8.53	719.05
443	231	30.6	101159	14.61	101167	14.24	91613	83	30.95	1.91	9.88	691.5
444	230	30.6	101165	14.29	101164	14.64	91786	83	30.77	1.78	19.25	960.49
445	230	30.6	101160	14.81	101160	14.14	91462	83	30.82	1.98	15.72	674.43
446	232	30.6	101157	14.94	101157	15.02	91253	82	30.85	1.97	20.36	433.57
447	228	30.5	101166	14.62	101163	14.42	91699	83	30.72	1.97	0.83	516.56
448	232	30.7	101169	14.42	101168	14.57	91974	83	30.86	1.95	10.49	536.54
449	230	30.6	101156	15.2	101162	14.58	92354	83	30.96	1.92	9.12	1040.48
450	228	30.5	101162	14.52	101164	14.01	92128	83	30.92	1.8	15.67	443.49
451	228	30.7	101166	15.02	101164	14.86	91997	83	30.75	1.86	4.22	1000.73
452	229	30.5	101165	13.93	101168	14.3	91861	83	30.72	1.7	34.18	798.61
453	231	30.6	101163	13.99	101169	14.23	91055	82	30.94	1.92	12.11	732.56
454	231	30.7	101166	14.13	101164	14.82	91403	83	30.82	1.85	29.26	736.02
455	229	30.6	101165	14.26	101164	14.32	91983	83	30.73	1.76	17.17	1045.46
456	229	30.6	101164	14.37	101160	14.82	91774	83	30.92	1.78	8.96	957.55
457	228	30.6	101154	14.52	101156	14.76	90737	82	30.92	1.92	18.78	553.96
458	230	30.6	101155	15.27	101150	15.13	91006	82	30.85	1.91	10.92	662.15
459	230	30.6	101155	14.36	101160	14.46	91075	82	30.77	1.93	1.22	487.34
460	228	30.6	101159	14.04	101162	14.63	91122	82	30.83	1.93	1.68	1034.55
461	231	30.6	101160	14.31	101156	14.99	91173	82	30.95	1.87	18.84	550.62
462	228	30.7	101160	15.03	101152	15.21	90701	82	30.77	1.76	12.6	514.76
463	233	30.6	101159	15.0	101152	15.55	91077	82	30.96	1.92	19.36	828.99
464	232	30.6	101156	14.81	101156	15.2	91331	83	30.87	1.91	8.73	1042.11
465	227	30.7	101154	14.79	101160	14.8	91457	83	30.88	1.73	4.54	571.99
466	234	30.5	101160	14.58	101155	14.81	91273	82	30.82	1.81	19.85	566.34
467	233	30.6	101160	14.91	101157	14.83	91587	83	30.91	1.79	14.72	676.43
468	228	30.7	101154	14.81	101156	14.63	91562	83	30.83	1.86	19.31	465.56
469	230	30.7	101160	14.85	101154	15.21	91776	83	30.77	1.94	8.66	563.53
470	231	30.6	101164	14.84	101163	15.06	91528	83	30.98	1.94	17.06	942.77
471	228	30.6	101156	14.4	101154	15.06	91495	83	30.91	1.93	13.11	702.7
472	229	30.7	101163	14.57	101153	14.73	91753	83	30.92	1.88	22.22	376.74
473	231	30.6	101163	15.27	101155	14.64	91496	83	30.93	1.91	8.17	644.9
474	232	30.6	101157	14.86	101159	15.12	91397	83	30.87	1.97	9.19	887.04
475	228	30.6	101151	14.76	101156	14.66	91339	83	30.99	1.94	16.56	607.14
476	227	30.6	101156	14.86	101162	15.4	91259	82	30.91	1.82	9.92	809.2
477	227	30.6	101162	14.93	101161	14.6	91577	83	30.93	1.74	18.05	704.29
478	227	30.6	101158	15.0	101161	15.14	91852	83	30.9	1.98	3.84	414.25
479	228	30.7	101152	15.11	101164	15.08	91018	82	30.96	1.84	2.19	560.45
480	231	30.6	101164	14.48	101158	14.61	91158	82	30.85	1.8	13.13	511.71
481	227	30.6	101160	14.38	101163	14.72	91590	83	30.77	1.92	4.83	538.67
482	227	30.6	101159	15.2	101157	14.85	91492	83	30.96	1.78	19.62	1026.86
483	227	30.6	101158	14.1	101165	14.31	90462	82	30.92	1.74	17.6	719.07
484	228	30.7	101162	14.94	101156	14.54	90671	82	30.83	1.86	11.55	421.26
485	228	30.6	101163	14.44	101166	14.64	91099	82	30.94	1.86	11.56	839.3
486	227	30.6	101153	15.11	101156	15.11	91375	83	30.77	1.82	2.49	944.47
487	232	30.6	101150	15.55	101160	14.65	90773	82	31.05	1.96	2.12	892.5
488	227	30.6	101157	14.93	101148	14.63	90798	82	30.89	1.97	20.04	806.74
489	227	30.6	101152	15.19	101150	15.04	90795	82	30.88	1.74	6.24	834.9
490	228	30.7	101158	14.63	101158	15.08	91106	82	30.93	1.8	11.13	702.08
491	227	30.6	101156	14.19	101161	14.65	90934	82	30.98	1.75	30.37	630.81
492	227	30.6	101157	14.59	101158	14.39	91161	82	30.94	1.93	18.26	910.01
493	228	30.6	101158	14.8	101159	14.55	91006	82	30.77	1.94	11.58	964.09
494	232	30.6	101159	14.64	101151	15.21	91197	82	30.82	1.74	9.43	729.24
495	229	30.6	101156	14.51	101165	15.0	90573	82	30.85	1.8	8.08	537.66
496	227	30.6	101159	14.53	101158	14.39	91026	82	30.77	1.93	8.27	876.2
497	230	30.6	101156	14.98	101151	15.08	90869	82	30.77	1.86	12.39	924.34
498	227	30.7	101165	14.91	101163	14.67	90835	82	30.72	1.85	5.78	760.57
499	226	30.6	101160	14.91	101160	14.74	90685	82	30.77	1.93	21.32	872.78
500	230	30.5	101155	15.04	101161	14.8	90441	82	31.0	1.78	20.49	457.11
501	227	30.6	101157	14.16	101162	14.6	90941	82	30.89	1.76	4.12	977.26
502	228	30.7	101154	14.28	101164	14.21	91109	82	30.75	1.94	2.03	773.41
503	228	30.7	101161	14.85	101166	14.54	91339	83	30.84	1.77	21.06	890.43
504	227	30.6	101163	14.44	101155	15.24	90387	82	30.92	1.81	16.28	632.47
505	230	30.6	101163	15.06	101154	14.66	90860	82	30.78	1.75	4.73	512.16
506	226	30.6	101157	15.28	101159	14.87	90796	82	30.76	1.88	2.36	482.16
507	226	30.6	101158	15.37	101161	14.68	91122	82	30.92	1.99	17.27	766.51
508	232	30.5	101161	14.89	101162	14.37	90960	82	30.84	1.79	21.14	804.72
509	226	30.7	101157	14.95	101159	14.98	91581	83	30.8	1.94	6.56	802.68
510	226	30.6	101152	14.69	101155	14.69	91483	83	30.9	1.9	11.64	988.56
511	226	30.5	101160	14.52	101155	14.98	91449	83	30.92	1.96	19.1	1002.97
512	226	30.6	101160	14.68	101159	14.65	91163	82	30.99	1.94	11.33	549.1
513	227	30.6	101150	14.9	101159	14.65	91336	83	30.81	1.89	20.82	953.17
514	232	30.6	101156	14.89	101162	14.75	91154	82	30.81	1.87	26.8	479.45
515	227	30.7	101156	14.8	101159	15.06	91006	82	30.82	1.73	19.95	598.51
516	227	30.6	101154	14.87	101157	14.41	91055	82	30.79	1.8	19.14	745.65
517	232	30.6	101159	14.86	101160	14.61	90761	82	30.95	1.88	4.98	996.92
518	227	30.5	101164	14.85	101159	14.78	90338	82	30.77	1.81	13.11	900.83
519	227	30.6	101160	14.46	101162	14.82	90345	82	30.99	1.98	16.07	885.44
520	227	30.5	101154	14.61	101155	14.4	90474	82	30.8	1.81	18.39	1038.54
521	229	30.7	101161	14.95	101157	15.03	89701	81	30.77	1.78	15.45	807.73
522	227	30.7	101162	14.95	101153	14.65	89803	81	30.75	1.85	21.56	488.51
523	227	30.6	101156	14.59	101165	14.76	90392	82	30.72	1.86	19.44	491.13
524	238	30.6	101157	15.29	101156	14.43	90517	82	30.96	1.75	4.35	703.19
525	236	30.6	101161	14.56	101160	14.63	90463	82	30.72	1.96	3.75	775.31
526	234	30.6	101162	14.26	101162	14.48	90552	82	30.83	1.85	5.56	549.5
527	233	30.6	101161	14.62	101159	14.71	90890	82	30.77	2.09	41.69	480.79
528	238	30.5	101162	15.21	101153	15.23	90910	82	30.84	1.8	8.41	729.81
529	234	30.6	101154	15.54	101155	14.61	90159	81	30.82	1.88	12.21	761.87
530	228	30.5	101155	14.95	101166	15.09	90403	82	30.78	1.94	16.9	480.93
531	231	30.7	101156	15.25	101152	15.13	90668	82	30.89	2.0	16.97	795.27
532	227	30.6	101154	14.64	101155	14.76	90827	82	30.82	1.95	41.25	664.47
533	228	30.6	101154	15.22	101156	14.38	90007	81	30.8	1.78	19.7	444.35
534	227	30.6	101158	15.68	101156	15.84	90219	82	30.9	1.79	2.32	546.51
535	228	30.7	101156	14.94	101157	14.96	91040	82	30.83	1.73	20.42	1028.59
536	233	30.6	101155	15.08	101157	15.35	90600	82	30.88	1.84	11.1	1007.27
537	233	30.6	101152	15.27	101158	15.29	90438	82	30.86	1.82	5.0	496.36
538	232	30.7	101157	14.74	101157	14.86	90583	82	30.73	1.8	11.02	821.3
539	228	30.6	101161	14.02	101166	14.82	90387	82	30.77	1.77	18.61	883.94
540	227	30.6	101174	14.89	101161	14.17	90251	82	30.86	1.9	16.08	757.96
541	229	30.7	101164	14.67	101161	14.25	90195	81	30.83	1.86	12.75	674.12
542	227	30.5	101159	14.07	101161	14.38	90230	82	30.93	1.91	13.85	448.08
543	229	30.6	101167	14.22	101166	14.67	90610	82	30.79	1.88	16.17	551.33
544	227	30.7	101164	14.24	101166	14.22	90096	81	30.87	1.76	15.43	727.45
545	227	30.6	101158	13.63	101168	14.03	89816	81	30.94	1.81	7.45	498.11
546	229	30.6	101162	13.98	101159	14.8	90008	81	30.78	1.83	20.62	794.94
547	227	30.7	101166	14.95	101166	14.57	90369	82	30.92	1.95	4.83	816.0
548	228	30.5	101160	14.67	101159	14.28	90065	81	30.87	1.82	15.42	623.32
549	233	30.6	101160	14.33	101164	14.06	90071	81	30.84	1.84	4.17	810.37
550	228	30.6	101164	15.11	101160	14.4	90171	81	30.83	1.93	19.65	530.33
551	230	30.6	101167	14.39	101167	14.26	90024	81	30.85	1.9	15.78	908.24
552	227	30.6	101166	14.54	101157	14.6	89537	81	30.68	1.94	12.94	786.37
553	229	30.5	101161	14.6	101164	14.28	90031	81	30.9	1.78	10.51	927.52
554	227	30.6	101157	14.71	101156	14.2	89959	81	30.77	1.8	16.13	1001.46
555	227	30.5	101160	14.66	101162	14.53	89860	81	30.9	1.97	4.16	986.47
556	228	30.6	101149	15.41	101162	14.74	89471	81	30.82	1.93	8.74	814.47
557	230	30.5	101163	14.5	101160	15.09	90042	81	30.73	1.73	4.28	541.5
558	227	30.7	101159	14.87	101153	15.12	89888	81	30.87	1.73	6.27	600.4
559	229	30.5	101160	14.39	101168	14.23	89984	81	30.86	1.84	2.02	940.61
560	227	30.6	101158	15.02	101159	14.74	89882	81	30.77	1.93	3.19	777.74
561	227	30.7	101155	14.84	101160	14.65	89943	81	30.88	1.74	20.13	592.75
562	228	30.6	101160	14.5	101161	14.59	89871	81	30.68	1.94	18.96	558.82
563	227	30.6	101163	14.73	101164	14.77	90198	81	30.72	1.81	11.62	691.86
564	226	30.5	101155	14.84	101162	14.11	89783	81	30.77	1.79	13.5	972.82
565	230	30.5	101163	14.8	101160	14.63	89499	81	30.72	1.94	13.7	538.88
566	229	30.6	101155	15.05	101161	14.85	89764	81	30.97	1.82	9.41	571.76
567	227	30.5	101163	14.23	101165	14.61	89782	81	30.92	1.72	17.76	393.51
568	231	30.6	101160	14.52	101166	13.57	89924	81	31.0	1.77	14.15	422.49
569	229	30.6	101165	14.74	101163	14.25	89951	81	30.74	1.94	4.87	368.69
570	234	30.5	101164	14.32	101162	14.44	90147	81	30.8	1.85	4.26	793.77
571	228	30.6	101160	14.15	101163	14.88	89935	81	30.82	1.94	19.98	814.58
572	226	30.5	101163	14.12	101169	14.67	89694	81	30.97	1.76	8.05	364.78
573	226	30.6	101160	14.28	101165	14.53	89572	81	31.03	1.82	11.15	951.81
574	226	30.6	101163	14.13	101162	14.81	89683	81	30.76	1.84	3.04	394.74
575	226	30.6	101166	14.13	101166	14.41	90138	81	30.89	1.73	4.03	663.64
576	227	30.6	101166	14.15	101162	14.5	89663	81	30.72	1.78	12.27	476.16
577	230	30.6	101158	15.03	101165	14.5	89785	81	30.94	1.95	5.25	741.4
578	230	30.5	101160	13.96	101166	13.92	90217	82	30.84	1.72	20.64	774.28
579	228	30.6	101168	14.52	101165	14.92	90146	81	30.74	1.9	17.12	788.31
580	225	30.6	101160	14.75	101158	14.95	89387	81	30.88	1.81	36.89	507.56
581	228	30.5	101161	14.44	101157	14.61	89972	81	30.7	1.96	6.73	507.81
582	226	30.6	101161	14.47	101160	14.34	89777	81	30.87	1.85	8.17	828.84
583	228	30.6	101163	14.04	101164	14.3	89766	81	30.78	1.77	17.54	615.95
584	226	30.6	101162	14.3	101167	13.49	89899	81	30.92	1.9	8.9	490.13
585	225	30.6	101175	14.37	101167	14.19	90008	81	30.98	1.98	23.65	671.16
586	228	30.5	101162	14.71	101163	14.21	90238	82	30.87	1.79	8.11	892.3
587	225	30.7	101161	14.52	101162	13.88	89615	81	30.78	1.85	20.66	577.44
588	227	30.6	101166	14.01	101164	14.0	89933	81	30.72	1.92	23.62	872.59
589	227	30.6	101172	14.51	101175	13.88	89854	81	30.98	1.93	17.63	424.59
590	229	30.7	101161	14.48	101174	14.18	89698	81	30.85	1.87	22.23	486.81
591	227	30.5	101163	14.35	101164	14.58	89639	81	30.85	1.96	3.98	891.9
592	225	30.6	101167	14.5	101167	13.49	90079	81	31.05	1.94	15.9	455.06
593	227	30.5	101165	13.5	101161	14.45	89451	81	30.83	1.83	16.34	1010.2
594	225	30.6	101171	14.51	101159	14.35	89272	81	30.99	1.85	5.64	992.25
595	225	30.6	101158	14.68	101162	14.66	89097	80	30.93	1.98	13.48	581.42
596	225	30.7	101157	14.59	101157	15.06	89065	80	30.9	1.77	17.61	924.25
597	228	30.6	101158	14.39	101159	14.55	89774	81	30.87	1.87	20.88	406.19
598	229	30.6	101163	14.94	101161	15.2	89286	81	30.82	1.98	5.18	574.26
599	229	30.7	101162	14.57	101158	14.85	89036	80	31.01	1.95	12.56	843.38
600	225	30.6	101159	14.88	101157	14.6	89470	81	30.77	1.84	8.9	435.49
601	229	30.6	101153	14.8	101157	15.06	89636	81	30.8	1.81	4.95	400.59
602	227	30.5	101157	14.74	101156	14.72	89173	81	30.87	1.75	3.32	693.61
603	227	30.4	101153	15.36	101157	15.24	89284	81	30.77	1.75	10.9	467.76
604	225	30.5	101154	15.51	101158	14.8	89446	81	30.75	1.95	7.21	352.64
605	227	30.5	101164	14.44	101162	14.56	89945	81	30.85	1.91	3.39	694.76
606	228	30.5	101158	14.86	101159	14.83	89498	81	30.72	1.85	9.13	838.8
607	227	30.5	101160	14.76	101162	14.52	89343	81	30.87	1.82	12.02	463.05
608	225	30.6	101152	15.3	101155	15.07	89474	81	30.72	1.88	3.72	427.11
609	226	30.6	101155	14.64	101157	15.07	90038	81	31.0	1.97	9.58	775.08
610	227	30.4	101158	14.3	101159	15.14	90013	81	30.6	1.96	12.5	744.14
611	227	30.5	101154	15.19	101155	15.17	89612	81	30.86	1.79	16.28	446.28
612	225	30.6	101157	14.81	101158	15.53	89918	81	30.72	1.75	19.47	412.35
613	229	30.5	101156	15.68	101157	14.85	89799	81	30.84	1.95	11.86	506.59
614	227	30.5	101154	14.97	101156	15.15	89711	81	30.71	1.78	23.45	858.29
615	224	30.6	101155	15.22	101152	15.19	89577	81	30.89	1.96	10.75	986.34
616	227	30.5	101161	14.26	101154	15.05	89513	81	30.9	1.89	12.53	696.44
617	224	30.5	101162	14.4	101161	15.13	89738	81	30.89	1.95	3.68	1014.38
618	225	30.5	101156	14.64	101160	14.66	89949	81	30.88	1.9	19.05	821.41
619	224	30.5	101158	14.76	101163	14.87	90190	81	30.83	1.9	4.72	647.59
620	232	30.6	101158	14.92	101161	14.6	90148	81	30.7	1.89	19.98	565.4
621	224	30.4	101156	15.11	101159	14.69	90430	82	30.77	1.97	5.16	830.47
622	224	30.5	101153	14.63	101158	15.11	90379	82	30.9	1.95	12.45	1001.4
623	224	30.6	101153	15.29	101160	15.01	90590	82	30.84	1.9	10.69	770.51
624	227	30.5	101154	15.09	101157	15.07	90381	82	30.77	1.87	16.7	1045.57
625	226	30.5	101157	14.85	101151	15.31	90949	82	30.93	1.84	4.19	730.74
626	227	30.5	101157	14.97	101153	14.72	90865	82	30.75	1.73	17.27	753.97
627	226	30.5	101159	14.58	101154	14.84	90290	82	30.84	1.78	17.64	732.99
628	224	30.5	101162	14.69	101159	14.46	90437	82	30.86	1.88	18.14	974.06
629	225	30.6	101156	14.79	101158	14.98	90795	82	30.77	1.76	2.65	1042.21
630	224	30.5	101154	14.93	101160	14.88	90650	82	30.72	1.96	9.41	630.14
631	224	30.5	101151	14.55	101157	15.01	90208	82	30.9	1.86	9.01	937.15
632	224	30.5	101153	14.82	101158	14.52	90313	82	30.78	1.85	9.09	470.12
633	224	30.5	101155	14.96	101148	15.09	90772	82	30.83	1.78	17.54	876.06
634	225	30.4	101154	15.05	101156	15.26	90808	82	30.9	1.89	14.57	910.02
635	227	30.5	101153	14.7	101157	14.65	90033	81	30.72	1.92	5.99	848.95
636	224	30.5	101156	15.18	101155	14.55	90189	81	30.81	1.77	15.42	577.04
637	223	30.6	101154	15.22	101153	15.21	90766	82	30.82	1.76	1.03	652.96
638	225	30.4	101159	14.97	101155	15.31	90277	82	30.68	1.76	11.2	397.08
639	228	30.5	101158	14.45	101156	15.12	90111	81	30.72	1.9	13.55	597.3
640	223	30.5	101146	15.11	101156	14.98	90358	82	30.77	1.75	18.49	626.24
641	224	30.5	101152	15.34	101152	14.88	90077	81	30.82	2.02	22.18	799.93
642	230	30.5	101153	14.86	101152	15.29	90046	81	30.95	1.89	16.42	891.16
643	225	30.5	101148	15.13	101152	14.94	90049	81	30.83	1.91	17.18	544.44
644	223	30.5	101153	15.36	101160	14.87	90121	81	30.73	1.99	6.75	1042.31
645	226	30.4	101150	15.28	101155	15.63	90217	82	30.76	1.91	14.84	965.57
646	224	30.5	101154	15.29	101162	14.92	90007	81	30.76	1.79	18.94	752.68
647	227	30.5	101160	14.69	101152	14.13	89860	81	30.77	1.74	8.59	991.73
648	226	30.5	101166	14.89	101153	14.95	90166	81	30.72	1.75	15.26	673.42
649	223	30.4	101163	14.58	101162	14.57	90847	82	31.05	1.9	27.95	720.66
650	223	30.5	101161	14.8	101156	14.92	90880	82	30.92	1.81	15.59	631.68
651	226	30.5	101156	14.73	101157	15.08	90646	82	30.68	1.78	18.23	815.85
652	225	30.5	101159	14.71	101161	14.39	90030	81	30.98	1.97	10.74	584.09
653	226	30.5	101156	15.43	101152	15.01	90723	82	30.86	1.86	2.56	767.21
654	225	30.5	101158	14.52	101155	14.88	90564	82	30.92	1.92	3.65	640.02
655	226	30.6	101158	14.96	101154	14.88	90514	82	30.87	1.91	4.48	420.15
656	227	30.5	101162	14.78	101161	14.44	90280	82	30.95	1.76	21.87	503.21
657	225	30.5	101160	15.03	101151	14.95	90687	82	30.73	1.88	6.28	893.22
658	223	30.5	101151	15.07	101156	15.42	90687	82	30.81	1.91	7.42	989.15
659	225	30.6	101151	15.52	101154	16.04	90262	82	30.94	1.76	9.66	703.21
660	225	30.4	101148	15.34	101152	15.34	90318	82	30.83	1.86	13.18	597.39
661	225	30.5	101154	14.93	101160	15.0	90946	82	30.9	1.92	4.25	1037.59
662	224	30.5	101149	14.75	101149	14.87	90955	82	30.85	1.9	8.36	542.7
663	228	30.5	101152	15.19	101160	14.86	90561	82	30.82	1.84	18.21	918.98
664	229	30.6	101157	15.36	101157	15.14	90745	82	30.9	1.76	6.07	395.99
665	223	30.4	101155	15.81	101150	15.63	90831	82	30.88	1.96	9.14	811.99
666	226	30.5	101150	15.35	101161	14.94	90860	82	30.9	1.9	14.35	764.1
667	226	30.5	101155	14.77	101161	14.63	90414	82	30.77	1.94	17.47	450.09
668	225	30.6	101161	14.51	101160	14.24	90875	82	30.74	1.91	13.82	1048.17
669	223	30.4	101162	15.17	101161	14.59	90806	82	30.99	1.9	2.73	715.17
670	225	30.5	101159	14.91	101157	15.33	90772	82	30.95	1.8	15.62	392.22
671	225	30.5	101163	14.57	101162	15.15	90707	82	30.77	1.89	10.9	851.23
672	225	30.4	101153	15.77	101153	15.12	90313	82	30.86	1.97	14.57	425.19
673	223	30.5	101151	14.92	101157	14.9	90810	82	30.83	1.79	5.28	1014.16
674	227	30.5	101154	15.09	101157	14.86	90513	82	30.82	1.83	16.24	746.11
675	225	30.5	101145	15.6	101153	14.93	90862	82	30.84	1.93	23.14	749.37
676	224	30.5	101149	14.68	101151	14.93	90982	82	30.91	1.92	2.34	546.34
677	228	30.4	101158	14.77	101163	15.43	90998	82	30.94	1.74	27.8	494.05
678	225	30.5	101161	15.19	101165	15.08	90904	82	30.68	1.83	10.23	712.48
679	222	30.5	101164	15.05	101159	15.07	91073	82	30.85	1.92	3.54	610.78
680	225	30.6	101155	15.24	101159	14.63	90834	82	30.82	1.81	16.22	590.87
681	226	30.6	101158	14.35	101160	14.52	90349	82	30.79	1.91	20.43	574.18
682	230	30.5	101165	14.87	101165	14.89	90764	82	30.84	1.78	2.06	425.14
683	227	30.4	101158	14.55	101158	14.8	91471	83	30.88	1.94	10.66	692.04
684	227	30.6	101153	14.45	101161	15.01	90987	82	30.68	1.8	4.08	711.12
685	233	30.5	101157	14.66	101165	14.21	91284	82	30.77	1.9	17.06	685.02
686	227	30.4	101159	14.25	101162	14.42	91438	83	30.85	1.75	19.1	713.37
687	229	30.5	101154	14.89	101158	14.76	91299	82	30.68	1.77	16.85	903.2
688	229	30.5	101163	14.65	101158	15.03	91050	82	30.74	1.76	18.88	642.24
689	226	30.5	101156	15.01	101159	14.75	90989	82	30.92	1.9	32.34	556.37
690	228	30.5	101163	14.47	101163	14.06	91325	83	30.77	1.81	11.11	470.36
691	227	30.5	101168	14.87	101155	14.91	91246	82	30.82	1.83	18.35	615.11
692	229	30.4	101161	15.02	101164	14.65	91755	83	30.77	1.85	1.88	482.03
693	230	30.5	101161	14.97	101163	14.3	91151	82	30.82	1.82	3.45	425.16
694	227	30.5	101167	14.87	101165	14.48	90982	82	30.79	1.78	20.14	911.23
695	229	30.4	101158	14.91	101150	14.8	91561	83	30.78	1.8	22.89	858.97
696	227	30.5	101160	15.07	101155	14.81	91565	83	30.83	1.99	48.42	876.32
697	228	30.5	101155	14.91	101161	15.13	90840	82	30.64	1.87	24.19	652.42
698	232	30.5	101158	14.04	101165	14.06	91303	83	30.77	1.96	30.81	505.52
699	228	30.5	101169	13.85	101163	14.67	90948	82	30.72	1.92	18.95	458.44
700	228	30.5	101159	14.05	101164	14.65	91581	83	30.77	1.77	14.76	631.27
701	226	30.5	101155	15.13	101155	14.43	90959	82	30.9	1.86	7.53	393.33
702	229	30.5	101163	13.94	101161	14.32	91074	82	30.89	1.96	14.56	571.34
703	226	30.5	101158	14.87	101163	14.47	91077	82	30.77	1.85	17.56	639.17
704	227	30.6	101165	14.31	101160	14.58	91583	83	30.86	1.96	15.85	613.97
705	236	30.5	101154	15.21	101152	15.22	90826	82	30.86	1.87	16.45	456.85
706	227	30.5	101155	15.27	101158	14.36	90908	82	30.83	1.91	11.99	611.91
707	229	30.6	101156	14.86	101159	15.01	91044	82	30.83	1.86	19.73	404.06
708	227	30.4	101154	15.22	101155	15.2	91062	82	30.84	1.92	15.53	412.03
709	228	30.5	101160	14.9	101154	14.99	90950	82	30.91	1.96	16.07	711.07
710	229	30.5	101162	14.97	101160	14.32	91014	82	30.92	1.77	10.92	809.07
711	227	30.6	101166	14.34	101167	14.15	91079	82	31.0	1.99	16.84	646.13
712	227	30.5	101163	13.96	101165	13.52	90872	82	30.82	1.84	11.87	407.23
713	231	30.4	101170	14.26	101166	14.1	90843	82	30.79	1.93	11.69	876.17
714	228	30.6	101155	15.0	101162	14.74	90887	82	30.82	1.78	17.41	436.16
715	230	30.5	101161	14.78	101162	14.98	91147	82	30.72	1.85	11.5	723.22
716	227	30.5	101157	15.05	101163	14.25	91104	82	30.91	1.91	16.12	784.09
717	228	30.5	101161	14.21	101162	14.71	91181	82	30.68	1.89	17.58	497.08
718	227	30.6	101162	13.91	101162	14.61	90791	82	30.75	1.86	9.53	759.09
719	232	30.5	101160	14.22	101161	14.46	90522	82	30.82	1.96	2.27	830.03
720	227	30.5	101160	15.05	101163	14.79	90902	82	30.74	1.92	5.84	888.04
721	229	30.5	101162	14.98	101164	14.44	90676	82	30.82	1.99	15.92	886.14
722	227	30.5	101163	14.79	101162	14.34	91008	82	30.9	1.76	11.78	446.24
723	231	30.4	101159	14.46	101151	15.31	90484	82	30.82	1.91	19.17	797.11
724	228	30.6	101161	14.59	101160	14.37	90409	82	30.97	1.81	20.52	968.21
725	227	30.5	101159	14.57	101161	14.74	90809	82	30.88	1.99	8.02	1047.29
726	230	30.4	101154	14.84	101154	15.0	90742	82	30.76	1.85	18.64	611.27
727	234	30.5	101149	15.34	101158	14.71	90469	82	30.77	1.88	13.21	874.98
728	230	30.5	101156	14.89	101159	14.4	90995	82	30.77	1.82	1.78	1014.95
729	229	30.5	101164	14.95	101162	14.55	90690	82	30.63	1.95	14.07	518.98
730	229	30.5	101156	14.71	101158	14.7	90894	82	30.91	1.85	20.36	528.11
731	229	30.4	101162	14.6	101157	14.65	91287	82	30.88	1.83	3.64	954.07
732	230	30.6	101156	14.67	101162	14.25	90496	82	30.77	1.74	16.83	980.93
733	232	30.6	101161	14.04	101161	13.88	91228	82	30.82	1.75	4.29	1005.9
734	229	30.6	101163	14.53	101155	15.46	91093	82	30.78	1.84	1.91	458.83
735	228	30.5	101156	15.31	101157	15.23	91243	82	30.91	1.94	15.31	939.86
736	228	30.5	101162	14.7	101158	15.07	91366	83	30.83	1.98	10.12	477.9
737	229	30.5	101158	14.91	101161	14.79	90725	82	30.76	1.9	3.28	540.92
738	233	30.5	101153	15.18	101158	15.17	90771	82	30.78	1.82	10.84	545.84
739	228	30.5	101158	15.17	101152	15.48	90949	82	30.68	1.88	16.28	810.74
740	228	30.5	101159	14.95	101153	14.58	91450	83	30.8	1.94	17.63	352.73
741	230	30.5	101152	15.09	101160	14.65	91470	83	30.96	1.82	12.08	912.68
742	228	30.5	101154	15.49	101152	15.24	91156	82	30.9	1.79	1.76	945.62
743	231	30.5	101155	14.93	101159	15.08	91068	82	30.82	1.82	5.22	1030.5
744	230	30.4	101157	15.4	101149	15.21	91446	83	30.63	1.79	5.05	523.4
745	228	30.5	101154	15.01	101161	14.77	91378	83	30.74	1.95	20.06	778.91
746	228	30.5	101158	15.31	101151	15.05	90989	82	30.77	1.92	21.32	1024.89
747	228	30.5	101160	15.25	101156	15.01	90744	82	30.8	1.95	6.14	1016.78
748	230	30.5	101162	14.71	101159	14.56	90731	82	30.77	1.78	2.91	1027.77
749	231	30.6	101157	14.59	101160	14.91	91000	82	30.87	1.94	22.68	900.2
750	228	30.5	101157	14.69	101163	14.62	90834	82	30.89	1.89	8.83	398.32
751	227	30.5	101159	14.88	101152	14.71	90641	82	30.72	1.88	3.74	753.35
752	228	30.5	101154	14.89	101161	15.17	90940	82	30.94	1.77	12.03	526.33
753	229	30.5	101158	14.53	101159	14.46	90969	82	30.86	1.79	17.59	395.35
754	230	30.5	101156	15.46	101152	15.17	91051	82	30.87	1.76	11.27	666.35
755	227	30.4	101163	14.45	101158	15.04	90769	82	30.99	1.96	21.13	767.17
756	227	30.5	101159	15.47	101157	15.3	90904	82	30.85	1.75	8.96	782.2
757	229	30.5	101152	15.16	101151	14.81	90691	82	30.97	1.87	14.43	833.33
758	228	30.5	101149	14.59	101158	15.21	90716	82	30.86	1.94	17.55	575.35
759	230	30.5	101155	14.65	101161	14.68	90902	82	30.8	1.82	13.06	1033.3
760	231	30.5	101160	14.72	101157	15.02	91160	82	30.76	1.8	14.82	740.37
761	230	30.4	101161	14.75	101156	14.78	90418	82	30.72	1.82	3.06	445.3
762	228	30.5	101155	14.52	101156	14.87	91038	82	30.81	1.81	26.39	387.57
763	230	30.5	101164	14.89	101155	15.06	90955	82	30.78	1.85	14.07	503.59
764	231	30.5	101157	14.94	101158	14.81	90918	82	30.82	1.89	15.37	535.81
765	227	30.5	101160	14.93	101158	15.04	90568	82	30.71	1.92	2.73	883.92
766	227	30.5	101151	14.94	101153	14.81	90859	82	30.63	1.9	11.28	534.87
767	229	30.6	101156	14.7	101153	14.78	90551	82	30.89	1.98	11.44	546.73
768	227	30.6	101156	14.67	101160	14.87	90616	82	30.85	1.94	5.2	741.48
769	231	30.5	101155	15.15	101158	15.36	90322	82	30.94	1.78	11.03	671.41
770	228	30.4	101152	15.21	101162	15.22	90936	82	30.86	1.81	15.2	1003.51
771	229	30.5	101159	15.01	101153	15.18	91080	82	30.72	1.74	19.29	804.6
772	226	30.5	101158	14.97	101150	15.1	90194	81	30.78	1.77	11.8	880.55
773	227	30.5	101154	14.97	101156	15.27	90514	82	30.87	1.68	16.29	445.75
774	228	30.5	101148	15.12	101156	15.65	90715	82	30.77	1.88	16.6	946.96
775	227	30.5	101160	14.43	101159	14.7	90897	82	30.78	1.75	28.41	630.47
776	229	30.5	101156	14.51	101157	15.06	90004	81	30.82	1.98	13.92	715.51
777	227	30.5	101154	15.05	101158	14.88	90361	82	30.88	1.93	12.73	514.47
778	229	30.5	101158	14.96	101159	15.1	90811	82	30.58	1.77	9.96	614.53
779	228	30.4	101157	14.85	101150	14.9	90752	82	30.83	1.8	7.79	749.75
780	227	30.5	101159	14.65	101155	14.62	90531	82	30.79	1.76	17.56	781.93
781	231	30.5	101157	14.98	101158	14.99	90648	82	30.81	1.9	18.25	789.08
782	227	30.5	101157	14.99	101156	15.13	90737	82	30.76	1.82	14.36	814.25
783	227	30.6	101164	14.22	101159	14.88	90156	81	30.81	1.84	5.8	689.44
784	229	30.6	101162	14.94	101153	15.16	90384	82	30.88	1.81	17.02	593.82
785	231	30.5	101157	15.04	101161	15.3	90380	82	30.88	1.79	12.7	524.06
786	227	30.4	101163	15.1	101157	14.55	90537	82	30.74	1.9	18.8	975.15
787	232	30.6	101152	14.86	101158	15.03	90349	82	30.72	1.8	19.55	591.51
788	229	30.5	101153	14.75	101159	14.55	90490	82	30.91	1.94	8.45	514.65
789	229	30.5	101156	14.44	101154	14.64	90790	82	30.87	1.75	17.42	900.77
790	227	30.4	101151	15.55	101155	15.5	90243	82	30.81	1.83	5.43	846.92
791	227	30.6	101160	14.39	101160	14.77	90356	82	30.88	1.84	2.92	347.08
792	228	30.5	101156	14.71	101158	14.6	90521	82	30.84	1.94	8.48	456.21
793	228	30.5	101156	14.95	101159	15.04	90180	81	30.84	1.9	9.39	413.16
794	227	30.5	101159	14.27	101163	14.59	90182	81	30.97	1.94	2.88	758.36
795	227	30.5	101163	15.06	101160	14.51	90338	82	30.88	1.79	14.19	945.53
796	226	30.5	101158	14.88	101155	14.89	90443	82	30.89	1.79	13.72	987.61
797	229	30.4	101158	14.92	101152	14.69	89701	81	30.81	1.94	3.28	602.87
798	228	30.4	101150	14.81	101154	15.45	90204	82	30.68	1.76	3.51	785.98
799	229	30.5	101150	15.08	101154	15.05	90133	81	30.68	1.9	9.72	1018.01
800	229	30.5	101157	15.4	101142	15.98	89963	81	30.84	1.75	3.13	747.2
801	227	30.6	101153	15.04	101156	15.12	90246	82	30.85	1.78	12.66	913.37
802	230	30.6	101160	15.49	101154	15.44	90315	82	30.93	1.9	22.81	357.79
803	227	30.5	101156	15.11	101161	15.01	90237	82	30.82	1.82	7.58	684.94
804	229	30.5	101154	15.01	101155	14.74	89910	81	30.82	1.9	18.1	902.05
805	229	30.6	101157	15.44	101154	14.33	89918	81	30.68	1.92	17.96	934.2
806	227	30.6	101155	14.72	101153	15.42	90327	82	30.78	1.75	13.45	603.09
807	234	30.5	101152	15.3	101155	14.69	90556	82	30.77	1.82	6.08	740.28
808	231	30.5	101159	14.03	101160	14.69	89867	81	30.82	1.98	2.56	924.33
809	228	30.5	101162	14.42	101162	14.76	89807	81	30.87	1.95	16.48	771.43
810	228	30.6	101160	14.96	101155	15.5	90049	81	30.77	1.83	5.95	365.66
811	230	30.5	101163	15.03	101165	14.23	90457	82	30.95	1.96	2.11	883.74
812	228	30.5	101162	14.9	101155	14.88	89949	81	30.91	1.82	20.61	744.89
813	230	30.5	101157	14.76	101159	14.93	90348	82	30.74	1.97	12.59	792.77
814	229	30.5	101161	14.41	101162	14.65	89946	81	30.86	1.79	15.13	539.98
815	227	30.5	101157	14.95	101153	15.5	90382	82	30.82	1.96	1.16	473.09
816	227	30.5	101157	14.79	101157	14.82	90044	81	30.93	1.95	3.69	726.14
817	227	30.5	101155	14.69	101161	14.39	89890	81	30.8	1.94	2.19	692.3
818	227	30.5	101159	14.88	101153	14.34	89879	81	30.92	1.76	1.9	951.42
819	230	30.5	101163	14.69	101162	14.72	90509	82	30.85	1.86	12.33	819.43
820	227	30.4	101162	14.52	101154	14.71	89777	81	30.91	1.89	16.09	409.47
821	227	30.5	101158	14.45	101155	14.61	89821	81	30.8	1.96	13.02	820.51
822	231	30.5	101151	15.54	101155	14.68	90202	82	30.68	1.87	5.55	433.55
823	227	30.5	101158	15.44	101158	15.08	90265	82	30.77	1.76	9.44	1022.66
824	228	30.5	101154	14.8	101157	14.63	89811	81	30.72	1.93	22.68	986.62
825	230	30.5	101158	14.89	101154	14.89	89993	81	30.91	1.96	8.62	807.66
826	227	30.5	101162	14.79	101155	14.68	90142	81	30.82	1.78	8.09	366.61
827	226	30.6	101151	14.91	101155	14.92	90397	82	30.92	1.8	24.08	409.75
828	227	30.5	101157	14.87	101158	15.21	90043	81	31.01	1.76	13.69	835.84
829	226	30.4	101158	14.82	101162	14.58	90257	82	30.72	1.93	14.88	734.74
830	228	30.7	101164	14.95	101160	14.6	90235	82	30.77	1.87	16.51	944.96
831	226	30.4	101160	14.8	101165	14.72	90109	81	30.88	1.8	11.2	699.08
832	228	30.6	101162	14.26	101157	14.7	90169	81	30.72	1.88	8.65	895.97
833	229	30.4	101155	14.38	101158	14.9	90122	81	30.77	1.91	12.85	868.19
834	226	30.4	101159	14.72	101153	14.79	90292	82	30.72	1.84	17.76	833.39
835	226	30.4	101158	15.07	101160	14.63	90122	81	30.72	1.86	3.73	691.34
836	231	30.6	101159	15.11	101158	15.26	90159	81	30.89	1.89	17.22	726.32
837	225	30.7	101154	15.2	101165	15.03	89953	81	30.87	1.87	22.26	567.28
838	227	30.6	101163	14.69	101157	15.03	90256	82	30.86	1.88	25.6	599.18
839	226	30.5	101155	15.07	101156	15.34	89610	81	30.81	1.74	3.97	646.27
840	226	30.4	101156	14.7	101156	14.95	89939	81	30.93	1.93	5.27	393.3
841	226	30.5	101160	14.71	101162	14.31	89784	81	30.81	1.93	15.19	743.28
842	228	30.5	101160	14.9	101159	15.06	89476	81	30.82	1.8	11.04	644.43
843	226	30.5	101155	14.61	101152	14.87	89461	81	30.73	1.82	22.77	506.92
844	226	30.5	101161	14.52	101158	14.48	89832	81	30.84	1.93	3.46	856.88
845	228	30.5	101153	15.29	101159	14.92	90169	81	30.72	1.8	16.55	627.97
846	228	30.5	101154	14.96	101158	14.73	89686	81	31.08	1.83	18.31	546.18
847	229	30.6	101164	14.78	101156	14.93	89672	81	30.68	1.82	4.6	1009.28
848	226	30.6	101157	14.54	101164	14.79	90130	81	30.68	1.88	1.56	877.34
849	226	30.5	101159	14.89	101154	14.68	89980	81	30.79	1.88	17.79	416.4
850	234	30.4	101161	14.61	101159	15.29	89652	81	30.86	1.8	15.92	576.46
851	228	30.5	101156	14.58	101159	14.87	89824	81	30.83	1.91	6.76	726.5
852	227	30.5	101156	15.05	101151	14.95	89973	81	30.77	1.87	15.74	395.62
853	228	30.5	101159	14.84	101156	14.74	89712	81	30.76	1.9	21.0	858.82
854	226	30.5	101153	15.06	101162	15.0	89590	81	30.99	1.88	27.25	637.2
855	227	30.5	101153	15.45	101160	14.61	90036	81	30.78	1.8	20.0	850.19
856	226	30.6	101158	14.68	101159	14.62	89779	81	30.93	1.86	11.34	399.33
857	227	30.4	101161	14.29	101164	13.94	89562	81	30.68	1.88	8.88	680.18
858	230	30.5	101162	14.45	101161	14.24	89742	81	30.84	1.83	12.93	453.77
859	227	30.6	101152	14.95	101155	15.03	89898	81	30.82	1.81	2.26	553.98
860	225	30.5	101160	15.1	101159	14.89	89092	80	30.9	1.85	4.28	936.88
861	226	30.5	101163	14.8	101168	14.43	89122	81	30.77	1.91	4.04	408.02
862	226	30.6	101158	14.44	101162	14.33	89568	81	30.75	1.75	14.78	882.01
863	228	30.5	101161	14.94	101157	14.26	89924	81	30.87	1.82	26.61	715.23
864	226	30.6	101157	14.6	101154	15.4	89925	81	30.87	1.81	20.63	362.45
865	229	30.5	101164	14.79	101157	14.24	90187	81	30.81	1.98	15.71	1039.42
866	225	30.6	101156	14.75	101163	14.54	90289	82	30.87	1.93	13.24	781.87
867	228	30.6	101157	14.67	101159	14.83	90059	81	30.86	1.98	32.24	509.16
868	231	30.5	101156	14.85	101154	15.33	89918	81	30.78	1.77	23.61	889.02
869	229	30.5	101156	14.67	101152	14.49	89945	81	30.82	1.98	3.63	813.03
870	227	30.6	101157	15.09	101149	15.2	89789	81	30.85	1.87	14.91	701.03
871	230	30.4	101156	14.99	101154	14.93	90253	82	30.72	1.96	17.73	861.03
872	233	30.5	101155	14.85	101160	14.57	89558	81	30.72	1.8	24.4	945.39
873	227	30.5	101156	14.86	101163	14.52	89898	81	30.83	1.83	12.74	712.65
874	227	30.5	101153	15.27	101152	15.11	90171	81	30.73	1.93	13.87	537.73
875	227	30.4	101152	15.46	101147	15.19	90057	81	30.75	1.9	13.24	638.98
876	227	30.6	101153	14.76	101156	14.76	89823	81	30.86	1.98	6.66	884.12
877	225	30.6	101154	14.82	101158	14.49	89633	81	30.92	1.95	24.89	802.72
878	225	30.6	101158	14.8	101158	15.32	90049	81	30.81	1.86	21.29	931.85
879	230	30.6	101159	14.91	101162	14.62	90537	82	30.8	1.84	18.59	407.47
880	225	30.6	101162	14.71	101158	14.81	89848	81	30.9	1.78	8.08	1035.74
881	228	30.5	101173	13.95	101161	14.69	89980	81	30.88	1.8	8.51	502.82
882	225	30.6	101159	14.28	101164	15.02	90580	82	30.76	1.94	2.23	356.96
883	229	30.5	101152	15.27	101152	14.28	90747	82	30.81	1.75	1.58	933.16
884	225	30.5	101156	14.47	101156	14.98	90192	81	30.84	1.9	15.28	736.41
885	225	30.6	101164	14.39	101153	14.71	90219	82	30.77	1.99	16.29	899.53
886	225	30.5	101165	14.64	101161	14.91	90015	81	30.87	1.75	4.63	514.61
887	227	30.6	101156	14.09	101162	14.57	90500	82	30.96	1.94	12.08	786.68
888	229	30.4	101166	14.09	101163	14.11	89998	81	30.79	1.85	4.26	577.79
889	225	30.6	101167	13.88	101160	14.46	90195	81	30.92	1.97	1.69	401.02
890	226	30.6	101156	14.94	101161	14.45	90849	82	30.78	1.76	12.73	815.2
891	225	30.5	101161	14.33	101157	15.1	90479	82	30.95	1.78	16.28	798.44
892	225	30.6	101155	15.04	101157	14.8	91180	82	30.75	2.07	27.44	545.7
893	229	30.5	101155	14.95	101154	15.25	91024	82	30.83	1.79	22.07	832.65
894	229	30.5	101158	15.24	101156	15.16	91805	83	30.87	1.95	10.65	707.64
895	225	30.6	101155	14.61	101164	14.57	91182	82	30.74	1.82	13.26	858.99
896	225	30.6	101159	15.35	101157	14.41	92021	83	30.88	1.92	10.01	558.0
897	225	30.6	101160	14.47	101161	14.56	92297	83	30.73	2.07	11.8	456.07
898	225	30.5	101165	14.17	101157	14.82	91927	83	30.83	1.8	4.52	856.41
899	224	30.6	101158	14.84	101155	15.15	91229	82	30.93	1.84	14.02	723.42
900	225	30.4	101156	14.77	101159	14.49	91491	83	31.04	1.86	14.33	499.63
901	229	30.6	101163	14.7	101158	14.89	91364	83	30.92	1.85	7.2	669.88
902	225	30.5	101152	14.5	101158	14.38	91424	83	30.77	1.82	4.56	528.9
903	228	30.5	101159	14.88	101159	14.91	91167	82	30.82	1.8	6.87	750.14
904	225	30.6	101156	15.09	101155	14.78	91097	82	30.72	1.82	13.12	691.36
905	228	30.6	101157	14.56	101156	14.8	91563	83	30.87	1.81	3.16	668.45
906	225	30.6	101157	14.65	101157	14.91	90687	82	30.82	1.58	42.15	638.11
907	225	30.7	101160	14.14	101156	14.86	90760	82	30.92	2.15	29.92	681.07
908	227	30.5	101151	15.67	101156	15.09	90798	82	30.82	1.86	15.19	487.24
909	227	30.6	101154	14.81	101156	14.79	91023	82	30.72	1.89	1.05	421.47
910	225	30.5	101154	15.08	101156	15.0	90243	82	30.85	1.92	11.25	908.66
911	226	30.7	101151	15.42	101153	15.07	90719	82	30.91	1.95	3.73	771.58
912	226	30.7	101162	14.72	101154	15.04	90819	82	30.91	1.85	2.89	1018.75
913	226	30.5	101151	15.16	101161	14.61	91050	82	30.77	1.83	4.54	511.99
914	227	30.6	101161	14.59	101161	14.93	90433	82	30.82	1.99	7.5	839.12
915	226	30.7	101153	15.07	101161	14.09	90685	82	30.79	1.77	19.04	382.86
916	225	30.6	101160	14.83	101158	14.45	90721	82	30.78	1.93	26.87	699.86
917	225	30.6	101161	14.88	101150	15.02	90442	82	31.01	1.95	19.96	663.13
918	224	30.6	101157	15.24	101146	15.21	90425	82	30.88	1.78	6.03	456.33
919	226	30.5	101154	15.33	101158	14.98	90766	82	30.77	1.94	9.29	382.49
920	228	30.6	101153	15.23	101153	14.78	90593	82	30.72	1.96	21.65	909.43
921	224	30.5	101152	14.67	101155	14.78	90358	82	30.92	1.89	17.97	600.69
922	227	30.6	101159	14.86	101155	14.73	90698	82	30.7	1.76	7.02	865.98
923	228	30.5	101157	14.91	101157	14.38	90686	82	30.72	1.93	21.37	496.21
924	224	30.6	101156	14.64	101152	14.89	90959	82	30.96	1.76	10.4	802.48
925	227	30.6	101155	14.63	101156	15.32	90376	82	30.79	1.78	15.51	889.52
926	227	30.6	101158	15.28	101150	14.85	90257	82	30.9	1.91	19.98	427.66
927	226	30.6	101155	15.09	101155	14.24	90775	82	30.83	1.83	5.73	554.65
928	224	30.6	101159	14.29	101165	14.49	90865	82	30.65	1.78	10.64	477.92
929	224	30.6	101165	14.89	101154	14.76	90320	82	30.77	1.95	6.16	386.22
930	225	30.6	101157	15.25	101152	15.38	90164	81	30.77	1.76	7.56	465.38
931	224	30.6	101161	15.24	101154	14.68	90553	82	30.89	1.87	4.56	486.46
932	225	30.6	101157	14.66	101158	15.06	90294	82	30.73	1.84	3.28	922.64
933	226	30.6	101153	15.19	101155	15.52	90044	81	30.94	2.08	45.37	982.5
934	225	30.5	101160	14.36	101163	14.36	90125	81	30.72	1.86	17.76	1019.65
935	224	30.6	101157	14.74	101151	14.44	90391	82	30.77	1.82	14.8	660.76
936	226	30.6	101161	13.71	101168	14.65	90722	82	30.86	1.95	10.57	358.85
937	224	30.7	101168	14.28	101164	14.0	89900	81	30.72	1.88	19.08	735.93
938	226	30.5	101162	14.93	101160	14.59	90076	81	30.72	1.93	4.81	575.04
939	224	30.5	101158	15.43	101160	14.46	90417	82	30.89	1.97	21.4	943.33
940	224	30.5	101158	14.84	101153	15.51	90623	82	30.75	1.77	12.07	1008.1
941	224	30.6	101157	14.72	101170	13.95	90283	82	30.82	1.74	14.55	754.24
942	226	30.6	101162	14.17	101156	14.28	90486	82	30.68	1.98	1.18	689.29
943	227	30.6	101158	15.01	101157	14.52	90690	82	30.72	1.81	17.03	588.44
944	225	30.6	101160	14.89	101161	15.26	90301	82	30.74	1.77	10.26	678.49
945	228	30.7	101159	14.44	101154	14.68	90308	82	30.76	1.75	14.52	883.5
946	226	30.5	101159	14.78	101157	14.85	90359	82	30.91	1.85	20.15	817.55
947	226	30.5	101158	14.97	101158	14.8	90345	82	30.91	1.84	11.07	922.5
948	226	30.6	101164	15.22	101160	14.69	90082	81	30.87	1.78	11.83	837.44
949	226	30.6	101152	14.17	101158	15.22	90353	82	30.64	1.83	18.95	433.45
950	224	30.7	101152	14.55	101150	14.71	90511	82	30.72	1.9	26.2	782.07
951	226	30.5	101159	14.67	101163	14.67	90220	82	30.81	1.83	5.63	766.27
952	224	30.6	101166	14.58	101158	15.0	90057	81	30.95	1.85	30.61	792.02
953	224	30.6	101158	15.1	101152	15.23	90217	82	30.75	1.76	5.36	571.94
954	225	30.6	101164	14.67	101160	14.85	90099	81	30.85	1.95	13.41	756.77
955	229	30.6	101157	14.87	101158	14.92	90793	82	30.82	1.96	16.03	815.02
956	227	30.6	101152	15.39	101162	14.53	89976	81	30.96	1.76	15.96	395.92
957	224	30.7	101160	14.62	101159	14.46	89873	81	30.94	1.79	18.65	763.11
958	224	30.5	101160	14.81	101164	14.21	90183	81	30.95	1.87	19.72	902.22
959	230	30.6	101168	14.36	101154	15.74	90256	82	30.92	1.8	11.9	856.41
960	224	30.6	101157	15.18	101158	14.95	89942	81	30.81	1.85	4.04	786.44
961	225	30.6	101155	15.05	101160	14.89	89948	81	30.83	1.9	3.01	517.55
962	226	30.6	101154	14.61	101161	14.5	89825	81	30.73	1.96	10.61	375.69
963	223	30.6	101162	14.57	101155	14.63	89489	81	30.78	1.85	2.29	843.76
964	226	30.6	101154	15.12	101154	14.7	89880	81	30.9	1.78	19.74	570.83
965	224	30.6	101155	14.94	101150	15.05	89876	81	30.87	1.75	15.14	853.98
966	226	30.6	101166	14.62	101159	15.23	89840	81	30.97	1.91	1.69	376.29
967	228	30.6	101163	14.3	101165	14.25	89452	81	30.78	1.75	10.58	1004.36
968	227	30.6	101160	14.54	101158	14.77	90057	81	30.86	1.79	10.22	744.45
969	226	30.6	101158	14.65	101159	14.73	89929	81	30.87	1.93	9.33	722.07
970	227	30.6	101162	14.74	101160	15.02	90322	82	30.85	1.76	18.26	710.12
971	224	30.5	101162	14.5	101166	14.39	90003	81	30.94	1.76	13.41	774.81
972	226	30.6	101162	14.37	101157	14.57	90016	81	30.89	1.88	11.24	955.08
973	223	30.5	101160	14.78	101155	15.0	90271	82	30.86	1.95	10.37	901.25
974	225	30.6	101160	14.46	101157	14.74	90286	82	30.77	1.96	6.62	367.3
975	225	30.6	101156	15.09	101165	14.58	90233	82	30.77	1.91	12.35	788.47
976	227	30.6	101162	14.27	101167	14.16	90263	82	30.83	1.85	13.18	780.52
977	224	30.5	101164	14.28	101163	14.74	90372	82	30.92	1.86	19.31	562.59
978	224	30.6	101162	13.93	101163	14.36	89692	81	30.93	1.81	4.51	692.6
979	224	30.7	101159	14.59	101158	14.96	90154	81	30.83	1.99	7.47	850.64
980	225	30.6	101158	14.95	101157	14.94	90044	81	30.88	1.87	19.2	407.6
981	229	30.6	101159	14.09	101158	14.49	90359	82	30.92	1.83	6.09	640.7
982	223	30.6	101157	14.74	101159	14.67	90203	82	30.68	1.92	16.6	602.75
983	226	30.6	101155	14.35	101162	14.49	89891	81	30.82	2.01	18.53	974.82
984	226	30.6	101161	14.96	101160	14.73	90131	81	30.86	1.79	5.4	710.78
985	227	30.6	101156	15.37	101153	14.7	89473	81	30.77	1.92	18.39	718.87
986	227	30.6	101160	14.49	101161	14.37	90019	81	30.74	1.79	21.5	444.12
987	225	30.6	101158	14.28	101153	14.88	89822	81	30.95	1.99	6.85	721.05
988	227	30.6	101161	15.05	101160	14.61	90447	82	30.8	1.9	18.59	433.14
989	227	30.7	101165	15.06	101161	14.76	90000	81	30.8	1.97	12.66	707.3
990	227	30.6	101161	14.51	101159	15.32	89961	81	30.87	1.78	16.53	351.22
991	224	30.6	101164	14.88	101162	14.09	89697	81	30.77	1.97	11.48	966.17
992	223	30.7	101164	14.39	101167	14.38	90031	81	30.89	1.84	18.43	380.21
993	227	30.6	101161	14.82	101155	14.77	89421	81	30.81	1.83	10.55	832.28
994	223	30.6	101157	14.39	101164	14.3	89798	81	30.85	1.83	16.85	349.43
995	223	30.5	101157	14.59	101160	14.53	89918	81	30.87	1.76	1.43	866.48
996	224	30.5	101166	14.94	101164	14.64	89440	81	30.79	2.0	9.09	737.52
997	224	30.6	101163	14.71	101165	15.2	89688	81	30.68	1.89	5.69	711.6
998	223	30.6	101161	14.77	101158	14.89	89808	81	30.83	1.82	16.28	696.65
999	223	30.6	101161	14.76	101159	14.65	89652	81	30.77	1.91	13.21	990.55
1000	228	30.6	101167	14.6	101163	14.83	89518	81	30.68	1.91	12.64	373.59
