1	167	29.5	101161	14.51	101169	14.64	105764	96	31.18	1.58	3.33	509.96
2	165	29.6	101161	14.35	101168	14.16	105850	96	31.18	1.54	10.06	481.67
3	167	29.6	101165	14.33	101162	14.78	105396	95	31.26	1.54	4.93	513.69
4	165	29.7	101163	14.88	101158	14.74	105591	95	31.13	1.58	10.45	448.1
5	169	29.7	101159	14.51	101156	13.92	105646	96	31.27	1.5	8.17	473.02
6	167	29.7	101166	14.27	101164	14.77	105695	96	31.08	1.45	5.56	520.34
7	169	29.8	101164	14.44	101164	13.75	105342	95	31.13	1.51	1.62	452.44
8	166	29.7	101164	14.6	101163	14.64	106004	96	31.16	1.47	7.05	538.45
9	169	29.7	101161	14.35	101165	13.68	105400	95	31.23	1.45	3.18	430.72
10	165	29.8	101159	14.23	101160	14.31	105812	96	31.09	1.54	6.3	363.08
11	168	29.8	101162	14.29	101166	14.55	105985	96	31.18	1.43	4.33	397.13
12	166	29.9	101161	14.53	101163	14.65	105575	95	31.34	1.56	9.65	379.42
13	168	29.8	101158	14.84	101163	14.4	105542	95	31.08	1.56	7.17	452.34
14	165	29.8	101156	14.66	101158	13.98	105799	96	31.09	1.53	5.92	373.41
15	166	29.8	101168	14.32	101167	13.79	105890	96	31.18	1.42	8.61	477.76
16	168	29.8	101165	14.37	101159	14.85	105303	95	31.28	1.44	5.69	504.03
17	166	29.8	101157	14.15	101162	14.69	105120	95	31.36	1.5	3.04	524.06
18	166	29.9	101166	14.46	101156	14.46	105580	95	31.14	1.58	8.97	386.2
19	165	29.8	101157	14.5	101168	14.49	105352	95	31.17	1.41	7.75	470.38
20	170	29.9	101158	14.64	101153	15.15	105568	95	31.24	1.43	5.12	545.46
21	168	29.8	101163	13.85	101164	14.26	105621	96	31.13	1.53	6.09	546.45
22	163	29.8	101163	14.29	101158	14.34	105623	96	31.13	1.57	7.59	390.75
23	165	29.8	101164	14.52	101163	14.74	105200	95	31.13	1.48	5.23	518.94
24	161	29.8	101164	14.5	101164	14.76	105443	95	31.19	1.47	3.73	483.01
25	164	29.8	101159	14.98	101158	14.26	105645	96	31.08	1.52	3.35	560.14
26	163	29.8	101161	14.14	101158	14.37	105607	96	31.19	1.51	8.55	385.34
27	167	29.8	101154	14.78	101158	14.4	105464	95	31.18	1.45	4.11	394.43
28	167	29.8	101165	14.4	101161	14.48	105604	96	31.21	1.45	7.93	444.74
29	168	29.8	101161	14.81	101160	14.09	105190	95	31.1	1.44	2.66	560.61
30	166	29.8	101156	14.7	101153	14.33	105774	96	31.08	1.43	2.22	404.58
31	168	29.9	101162	14.59	101162	14.39	105175	95	31.19	1.46	7.19	552.89
32	167	29.8	101166	14.6	101162	13.81	105374	95	31.13	1.55	2.14	547.03
33	168	29.9	101162	14.49	101160	14.98	105946	96	31.19	1.42	7.01	424.19
34	165	29.8	101163	14.61	101160	14.01	105869	96	31.13	1.53	4.82	383.27
35	165	29.9	101165	14.37	101161	14.35	105632	96	31.28	1.51	6.68	419.49
36	166	29.8	101163	14.03	101162	13.81	105647	96	31.3	1.57	9.42	502.68
37	166	29.8	101163	14.15	101166	14.11	105848	96	31.14	1.55	2.63	459.82
38	168	29.8	101162	14.18	101168	14.36	105986	96	31.19	1.42	2.26	513.83
39	169	29.9	101157	14.26	101161	14.51	105240	95	31.12	1.44	8.54	530.85
40	171	29.8	101164	14.66	101163	13.62	106034	96	31.23	1.45	9.98	486.93
41	166	29.7	101167	14.66	101161	14.31	105712	96	31.19	1.51	4.87	459.97
42	168	29.8	101162	14.35	101164	13.73	105748	96	31.29	1.51	8.65	443.08
43	171	29.8	101167	14.29	101159	14.25	104910	95	31.25	1.53	7.31	491.15
44	170	29.9	101163	13.77	101167	14.2	103958	94	31.2	1.56	4.18	562.21
45	166	29.8	101154	14.81	101161	14.77	102266	92	31.25	1.46	3.77	406.33
46	166	29.8	101165	14.54	101160	14.3	98578	89	31.01	1.5	3.91	401.58
47	169	29.7	101159	14.46	101159	14.69	95470	86	31.23	1.58	1.57	473.48
48	170	29.7	101164	14.57	101155	14.15	97993	89	31.24	1.45	7.98	541.69
49	167	29.8	101164	14.94	101161	14.46	96251	87	31.18	1.46	3.69	525.66
50	167	29.8	101160	14.26	101159	14.47	95551	86	31.26	1.54	6.4	446.1
51	166	29.8	101161	14.84	101160	14.61	95144	86	31.13	1.49	10.08	485.32
52	170	29.8	101161	14.3	101160	14.64	104798	95	31.22	1.52	3.65	534.28
53	170	29.7	101159	14.1	101164	14.52	104796	95	31.14	1.46	4.04	410.37
54	170	29.9	101160	14.67	101162	15.02	103646	94	31.22	1.47	5.58	396.47
55	167	29.7	101163	14.53	101158	14.74	103652	94	31.08	1.55	9.69	465.64
56	168	29.9	101160	13.8	101164	14.26	102465	93	31.35	1.48	3.88	395.4
57	165	29.9	101160	14.53	101156	14.82	102627	93	31.18	1.53	4.7	545.65
58	166	29.8	101165	13.97	101167	14.27	103299	93	31.24	1.58	12.99	404.32
59	165	29.9	101157	14.4	101166	14.97	104207	94	31.15	1.55	6.61	464.13
60	166	29.9	101168	14.23	101160	14.98	105032	95	31.23	1.45	5.62	467.17
61	168	29.9	101159	15.45	101157	14.47	104839	95	31.19	1.58	7.82	540.09
62	166	29.9	101161	14.17	101160	14.58	104720	95	31.16	1.48	3.42	456.16
63	167	30.0	101161	13.76	101165	14.03	105107	95	31.26	1.47	2.3	378.21
64	166	29.8	101160	14.64	101164	14.69	105009	95	31.16	1.46	6.88	390.23
65	167	30.0	101160	14.06	101163	14.48	104688	95	31.21	1.51	5.75	460.34
66	167	29.9	101167	14.18	101164	14.09	105428	95	31.23	1.51	7.35	514.47
67	168	29.9	101164	14.13	101170	14.04	105366	95	31.13	1.45	6.4	507.45
68	170	29.8	101170	13.83	101167	13.35	105458	95	31.13	1.43	9.37	369.54
69	165	29.8	101165	13.67	101167	14.38	104932	95	31.04	1.52	8.57	418.6
70	166	29.9	101164	14.33	101162	14.78	104848	95	31.13	1.47	9.83	560.69
71	167	29.8	101161	14.57	101165	14.31	105255	95	31.23	1.48	6.87	531.86
72	166	29.9	101168	14.17	101161	14.85	105212	95	31.17	1.49	6.25	411.09
73	166	29.9	101147	14.95	101163	14.66	105032	95	31.29	1.56	6.91	398.05
74	170	29.9	101166	14.15	101166	14.26	105107	95	31.19	1.56	7.37	528.08
75	168	29.9	101161	14.27	101167	14.29	104939	95	31.32	1.43	5.59	442.34
76	172	29.8	101168	14.91	101160	14.65	104964	95	31.29	1.48	4.33	374.44
77	166	30.0	101161	14.82	101163	14.04	105168	95	31.13	1.48	1.8	463.51
78	170	30.0	101169	13.87	101166	14.53	104592	95	31.13	1.44	9.17	507.79
79	169	29.9	101164	14.48	101164	14.07	105033	95	31.09	1.53	2.94	443.68
80	167	29.9	101163	14.09	101171	14.54	104909	95	31.13	1.5	8.97	507.16
81	168	29.9	101169	14.14	101170	14.06	105017	95	31.31	1.53	8.57	520.45
82	171	29.8	101157	14.56	101161	14.41	104423	94	31.2	1.43	5.16	478.81
83	168	30.0	101159	14.2	101165	13.84	104410	94	31.23	1.59	11.2	400.37
84	167	29.9	101162	14.22	101165	14.06	104545	95	31.08	1.54	2.62	470.29
85	167	29.9	101162	14.22	101164	14.34	104601	95	31.15	1.46	5.84	554.66
86	166	29.9	101169	14.29	101163	14.34	104703	95	31.22	1.49	4.44	547.68
87	164	29.9	101168	14.16	101165	14.14	104341	94	31.2	1.58	10.2	564.73
88	168	29.9	101165	14.4	101164	14.3	104396	94	31.08	1.53	4.73	506.72
89	164	29.9	101163	13.95	101165	14.47	104309	94	31.14	1.47	4.71	510.97
90	168	29.9	101171	13.91	101164	14.47	104277	94	31.3	1.53	8.14	522.0
91	175	29.9	101166	14.13	101166	14.32	104249	94	31.19	1.52	10.3	484.2
92	166	30.0	101160	14.17	101164	14.05	104473	94	31.11	1.56	8.3	417.68
93	168	29.8	101165	14.09	101170	13.89	104521	95	31.23	1.67	52.3	373.2
94	166	29.8	101165	13.85	101160	14.11	104539	95	31.18	1.65	41.25	459.38
95	166	29.8	101174	14.22	101167	14.44	104328	94	31.37	1.6	29.97	506.4
96	166	29.9	101163	13.82	101160	14.02	104332	94	31.36	1.45	8.64	504.55
97	166	30.0	101165	14.09	101164	14.39	104455	94	31.3	1.45	4.52	490.41
98	171	30.0	101166	14.25	101167	14.63	103698	94	31.13	1.57	2.57	377.4
99	173	29.9	101163	14.81	101164	14.0	103743	94	31.22	1.54	12.39	505.36
100	166	30.0	101162	14.99	101163	14.49	103924	94	31.14	1.43	10.63	400.02
101	166	29.9	101165	14.01	101164	14.67	104324	94	31.26	1.55	9.62	492.63
102	167	29.9	101160	14.31	101161	14.59	104144	94	31.27	1.47	6.07	413.06
103	169	30.0	101157	14.85	101162	14.54	104253	94	31.1	1.49	5.19	520.47
104	169	29.8	101167	14.67	101165	14.15	104409	94	31.08	1.48	3.37	486.52
105	167	29.9	101168	14.47	101166	13.86	104114	94	31.28	1.47	7.5	533.27
106	167	29.9	101164	14.37	101164	14.19	104061	94	31.14	1.5	7.53	409.58
107	167	29.9	101162	14.33	101163	14.39	104682	95	31.13	1.57	9.16	497.57
108	167	29.9	101166	14.58	101159	14.21	104460	94	31.27	1.49	10.76	426.22
109	168	29.9	101165	14.73	101160	14.45	104433	94	31.08	1.54	4.44	434.96
110	167	29.9	101163	14.92	101158	14.31	104240	94	31.14	1.55	2.09	381.06
111	166	29.9	101166	14.25	101164	14.54	104167	94	31.18	1.58	19.86	432.45
112	170	29.9	101166	14.03	101164	14.4	104349	94	31.16	1.61	3.63	388.46
113	165	29.8	101160	14.53	101161	14.11	104115	94	31.28	1.59	10.88	495.15
114	165	29.9	101159	14.15	101168	14.54	104480	94	31.08	1.58	2.98	415.28
115	167	29.9	101159	14.33	101165	14.12	104480	94	31.18	1.57	8.34	380.54
116	166	29.9	101163	14.18	101166	13.65	104267	94	31.13	1.48	9.84	453.24
117	165	29.8	101160	14.84	101160	14.63	104134	94	31.18	1.5	6.38	386.52
118	166	29.9	101161	14.36	101167	13.92	104204	94	31.09	1.49	7.34	532.7
119	167	30.0	101164	14.18	101167	14.02	104058	94	31.17	1.58	4.13	430.66
120	166	29.9	101161	14.53	101169	14.57	104160	94	31.15	1.53	3.62	475.62
121	166	29.9	101162	14.81	101157	14.08	103512	94	31.23	1.58	6.27	548.57
122	166	29.9	101161	14.56	101165	14.66	103674	94	31.21	1.43	2.01	550.39
123	165	29.9	101165	13.89	101170	13.8	103974	94	31.32	1.51	7.27	412.15
124	166	29.9	101162	14.02	101165	14.26	104178	94	31.1	1.55	5.5	553.6
125	166	29.9	101163	14.85	101168	14.24	103926	94	31.16	1.56	3.28	398.69
126	166	30.0	101171	13.92	101163	13.63	104233	94	31.18	1.53	8.77	451.72
127	166	29.8	101167	14.44	101164	14.42	103967	94	31.18	1.51	16.65	472.0
128	165	29.9	101163	14.58	101162	14.97	103752	94	31.24	1.47	7.49	504.02
129	166	29.9	101157	14.44	101164	14.14	103948	94	31.13	1.59	8.79	503.16
130	165	29.9	101156	14.43	101163	14.42	104103	94	31.27	1.58	5.13	547.03
131	165	29.9	101154	14.71	101163	14.61	103934	94	31.26	1.43	6.85	446.99
132	169	29.8	101171	14.15	101158	14.33	103488	94	31.2	1.62	3.99	431.01
133	168	29.8	101169	14.1	101164	13.82	104259	94	31.36	1.58	8.41	429.46
134	167	29.9	101163	14.35	101161	14.61	104293	94	31.37	1.48	9.64	441.4
135	168	29.9	101155	14.2	101160	14.04	103919	94	31.13	1.46	5.86	483.21
136	167	29.9	101166	14.64	101158	14.45	104144	94	31.18	1.47	9.2	518.32
137	170	29.9	101163	14.43	101161	14.52	104296	94	31.08	1.56	6.73	374.06
138	169	29.9	101164	14.04	101162	14.22	104320	94	31.34	1.43	2.43	443.26
139	171	29.9	101175	13.47	101165	13.6	103650	94	31.23	1.55	3.15	471.33
140	166	30.0	101173	14.02	101166	14.17	104201	94	31.35	1.49	4.31	506.62
141	166	29.9	101166	14.28	101165	14.02	104361	94	31.13	1.53	2.26	471.73
142	168	30.0	101172	14.01	101167	13.77	103982	94	31.27	1.54	1.97	541.79
143	169	29.9	101163	13.84	101167	14.15	103656	94	31.08	1.58	4.72	398.94
144	167	30.0	101171	13.91	101166	14.04	103953	94	31.25	1.46	2.32	463.91
145	168	30.0	101165	13.71	101173	13.71	103770	94	31.19	1.5	12.28	417.81
146	167	30.0	101174	13.86	101170	13.8	103821	94	31.18	1.54	4.61	382.99
147	167	30.1	101168	13.62	101172	13.87	103572	94	31.21	1.5	9.49	414.85
148	168	30.0	101169	13.88	101169	14.33	103647	94	31.16	1.43	5.95	409.02
149	170	29.9	101170	14.26	101163	14.23	104165	94	31.25	1.54	4.09	559.27
150	170	30.0	101167	14.35	101163	14.33	104151	94	31.32	1.51	7.07	539.36
151	171	30.0	101165	14.25	101163	14.32	103476	94	31.1	1.5	9.37	445.18
152	167	30.0	101168	14.36	101159	14.19	103958	94	31.08	1.49	9.97	566.39
153	173	30.0	101163	14.05	101166	14.08	104155	94	31.22	1.44	8.09	400.31
154	166	30.0	101162	14.34	101168	14.01	103976	94	31.39	1.45	2.79	538.45
155	168	30.0	101163	14.34	101162	14.53	104106	94	31.29	1.48	4.41	462.45
156	169	29.9	101162	14.25	101167	14.48	104014	94	31.24	1.49	6.06	555.71
157	167	30.0	101160	14.36	101164	14.43	104192	94	31.13	1.56	9.39	432.61
158	168	30.0	101160	14.5	101161	14.84	104538	95	31.31	1.56	6.57	508.87
159	168	30.0	101165	14.52	101159	14.62	104150	94	31.32	1.47	4.58	509.92
160	173	30.0	101160	14.52	101156	14.91	103981	94	31.13	1.51	9.92	377.33
161	169	30.0	101163	14.66	101166	14.18	104403	94	31.18	1.41	7.42	422.22
162	166	30.0	101159	14.6	101161	14.44	104548	95	31.15	1.5	34.18	394.72
163	170	30.0	101159	14.15	101164	13.87	104373	94	31.18	1.48	9.85	372.8
164	168	30.0	101162	14.37	101163	14.02	104220	94	31.13	1.45	20.34	481.14
165	168	30.0	101164	14.51	101173	13.87	104506	95	31.21	1.57	6.74	537.48
166	166	30.0	101168	14.06	101166	14.36	104487	94	31.18	1.46	11.16	411.59
167	168	30.0	101157	15.03	101160	14.84	104176	94	31.3	1.5	4.36	514.83
168	168	30.0	101165	14.84	101161	14.09	104518	95	31.31	1.52	8.78	565.9
169	166	30.0	101167	14.22	101169	14.16	104085	94	31.16	1.53	12.03	449.2
170	165	30.0	101165	14.27	101163	14.39	104795	95	31.33	1.53	13.95	408.98
171	166	30.0	101162	14.43	101162	14.54	104074	94	31.3	1.49	12.06	435.72
172	170	30.0	101160	14.04	101155	14.23	103839	94	31.18	1.47	3.93	395.81
173	170	30.0	101167	14.32	101168	14.41	104353	94	31.3	1.53	8.55	461.99
174	171	29.9	101158	14.53	101159	14.54	104628	95	31.12	1.54	6.31	493.79
175	169	30.0	101166	14.35	101164	14.43	104103	94	31.22	1.54	10.74	509.75
176	170	30.0	101165	14.35	101162	14.68	104214	94	31.24	1.58	6.16	484.2
177	171	30.1	101164	14.16	101161	14.76	104326	94	31.23	1.58	4.73	367.26
178	166	30.0	101161	14.48	101160	13.91	104547	95	31.15	1.46	26.12	538.23
179	167	30.0	101167	14.25	101166	14.67	104003	94	31.37	1.5	4.85	486.89
180	171	30.0	101163	14.21	101164	14.2	104512	95	31.31	1.57	7.76	361.92
181	180	29.9	101164	13.95	101171	14.05	104312	94	31.23	1.45	9.79	477.5
182	170	30.0	101164	14.47	101164	13.85	104013	94	31.39	1.53	10.19	446.45
183	170	30.0	101159	14.57	101166	14.67	103983	94	31.22	1.61	6.18	533.94
184	167	30.0	101160	14.21	101164	13.91	104276	94	31.25	1.41	22.28	387.57
185	168	29.9	101166	14.27	101166	14.53	103842	94	31.42	1.49	3.43	371.55
186	168	30.1	101156	14.53	101160	14.74	103996	94	31.24	1.51	11.17	389.1
187	169	30.0	101161	14.1	101163	14.48	103620	94	31.18	1.53	8.06	539.93
188	168	30.0	101160	14.36	101159	14.4	103653	94	31.08	1.52	9.76	517.56
189	168	30.0	101157	14.53	101164	14.43	104028	94	31.15	1.3	30.84	480.32
190	168	29.9	101159	14.63	101157	13.98	104224	94	31.26	1.62	9.53	539.5
191	169	30.0	101165	14.17	101168	14.14	103868	94	31.46	1.4	11.11	458.96
192	168	29.9	101168	13.84	101162	13.77	103553	94	31.18	1.5	7.66	402.23
193	166	30.0	101162	14.06	101168	13.44	104149	94	31.19	1.56	1.4	430.57
194	168	30.0	101165	13.94	101159	14.35	104371	94	31.15	1.59	4.08	368.81
195	176	30.1	101161	14.38	101159	14.43	103831	94	31.18	1.51	2.42	542.96
196	166	30.0	101159	14.93	101167	14.78	104114	94	31.32	1.48	5.06	459.06
197	166	30.0	101159	14.31	101170	14.37	103868	94	31.37	1.57	8.44	404.33
198	168	30.0	101158	14.19	101163	13.65	104482	94	31.26	1.56	7.58	524.68
199	167	30.0	101166	14.34	101155	14.55	103878	94	31.13	1.43	3.9	549.87
200	169	30.0	101161	14.31	101167	14.36	103638	94	31.18	1.47	8.46	470.08
201	170	29.9	101158	14.72	101156	14.56	104132	94	31.31	1.49	3.96	414.37
202	165	30.0	101168	14.48	101162	14.9	104040	94	31.26	1.6	8.2	414.38
203	167	30.0	101159	14.5	101162	15.04	103717	94	31.08	1.56	2.14	555.69
204	167	30.1	101156	15.55	101159	14.26	103560	94	31.19	1.48	3.35	426.83
205	169	30.0	101163	14.41	101156	14.38	104210	94	31.22	1.49	4.86	464.17
206	171	30.0	101162	14.35	101163	14.28	103861	94	31.35	1.46	7.44	486.12
207	172	30.0	101163	13.91	101165	13.76	103988	94	31.18	1.47	2.27	488.26
208	172	30.0	101168	13.77	101166	13.7	104179	94	31.17	1.6	7.33	516.51
209	172	30.0	101165	14.5	101169	14.03	104514	95	31.16	1.46	4.99	409.72
210	170	30.0	101155	15.07	101163	14.49	104706	95	31.36	1.57	0.79	475.66
211	170	30.0	101161	13.72	101161	13.54	104611	95	31.28	1.58	6.74	441.72
212	172	30.0	101162	14.21	101167	14.12	103356	93	31.23	1.57	9.52	476.1
213	172	30.0	101159	14.45	101168	13.61	104691	95	31.21	1.59	7.51	478.43
214	173	30.0	101168	13.96	101170	14.09	102765	93	31.19	1.52	5.2	437.69
215	171	30.0	101161	14.54	101167	13.99	102055	92	31.37	1.53	3.9	368.99
216	169	30.0	101173	13.9	101165	13.87	101883	92	31.18	1.6	5.33	553.13
217	171	30.0	101163	14.32	101171	13.78	102436	93	31.2	1.58	6.16	548.58
218	173	30.0	101167	14.58	101166	13.79	102998	93	31.24	1.47	6.99	540.72
219	170	30.0	101169	14.19	101171	14.02	103312	93	31.3	1.57	4.77	378.12
220	172	30.0	101164	14.44	101160	14.21	102725	93	31.18	1.56	3.78	521.27
221	174	29.9	101172	14.37	101166	14.33	102532	93	31.23	1.52	5.38	525.71
222	173	30.1	101158	13.83	101168	13.58	102772	93	31.24	1.49	8.8	436.92
223	173	30.0	101164	14.6	101166	14.31	102876	93	31.22	1.48	3.75	469.31
224	172	30.0	101164	14.19	101165	13.98	102577	93	31.28	1.55	6.41	520.5
225	171	30.0	101163	14.3	101174	13.73	102495	93	31.31	1.53	9.0	532.83
226	174	30.0	101172	14.07	101166	14.22	103066	93	31.34	1.49	5.67	526.98
227	174	30.0	101161	14.51	101165	14.72	103219	93	31.22	1.54	8.01	443.19
228	171	30.1	101160	14.87	101153	14.89	103188	93	31.24	1.52	2.39	412.47
229	171	29.9	101160	14.24	101165	14.51	103360	93	31.19	1.56	4.83	483.77
230	171	30.0	101163	14.54	101161	13.99	103603	94	31.23	1.54	6.05	524.89
231	173	30.0	101156	13.85	101165	14.63	103870	94	31.18	1.54	4.31	544.29
232	171	30.1	101159	14.89	101168	14.34	104169	94	31.32	1.55	7.02	497.58
233	169	30.1	101162	13.88	101163	13.64	103888	94	31.1	1.58	3.76	449.66
234	168	30.1	101156	14.54	101158	14.42	103872	94	31.32	1.6	4.51	377.95
235	170	30.0	101162	14.5	101163	14.24	103728	94	31.36	1.56	8.88	487.13
236	168	30.0	101170	13.91	101147	15.15	103640	94	31.37	1.6	2.32	559.15
237	172	30.0	101160	14.93	101162	14.78	103499	94	31.39	1.52	6.75	529.33
238	171	30.0	101161	13.95	101161	13.84	104433	94	31.26	1.5	8.13	403.55
239	167	30.0	101157	14.55	101164	14.79	104421	94	31.37	1.57	2.14	442.81
240	178	29.9	101161	15.51	101161	14.38	104177	94	31.14	1.57	3.72	452.86
241	173	30.0	101158	14.97	101148	14.74	104209	94	31.18	1.55	2.93	412.05
242	167	30.0	101164	15.32	101165	14.74	104237	94	31.24	1.6	5.18	478.25
243	169	29.9	101156	14.69	101159	14.4	104617	95	31.18	1.45	2.32	568.33
244	167	30.0	101159	14.87	101163	14.49	104038	94	31.37	1.46	7.05	376.53
245	168	30.0	101157	14.44	101163	14.46	103818	94	31.32	1.57	1.63	551.61
246	171	29.9	101162	14.6	101169	14.4	104078	94	31.28	1.53	4.31	461.69
247	168	30.0	101165	14.46	101166	14.48	104257	94	31.13	1.46	5.41	482.77
248	177	29.9	101158	15.01	101157	14.43	103605	94	31.26	1.47	7.84	501.11
249	170	30.0	101154	14.93	101154	14.63	103849	94	31.31	1.59	6.95	481.23
250	174	30.0	101158	15.1	101159	14.9	103601	94	31.27	1.48	1.9	487.15
251	171	30.1	101168	13.94	101159	13.99	104164	94	31.2	1.52	6.42	568.59
252	171	30.0	101165	14.36	101167	14.09	103799	94	31.18	1.6	7.08	495.93
253	169	30.1	101156	13.96	101165	14.27	103973	94	31.13	1.49	4.83	396.93
254	170	30.0	101159	14.22	101158	14.78	104183	94	31.22	1.49	8.63	403.9
255	169	30.0	101157	14.86	101155	14.48	104571	95	31.22	1.47	2.92	383.96
256	171	30.0	101163	14.84	101162	14.85	103908	94	31.16	1.56	2.34	503.91
257	173	29.9	101162	14.0	101160	14.28	103938	94	31.13	1.5	3.58	429.11
258	171	30.0	101166	14.73	101160	14.13	104035	94	31.2	1.48	3.0	451.39
259	173	30.1	101163	14.36	101163	14.27	104148	94	31.2	1.51	6.45	460.51
260	172	30.0	101165	14.66	101154	14.54	103453	94	31.24	1.45	5.74	472.65
261	172	30.0	101163	14.67	101156	14.97	104034	94	31.13	1.6	8.77	390.74
262	175	30.0	101162	14.53	101157	14.87	103968	94	31.13	1.57	2.43	377.97
263	172	30.0	101158	14.65	101158	14.41	103940	94	31.4	1.48	6.75	452.31
264	176	30.0	101164	14.12	101163	14.78	103662	94	31.13	1.58	3.78	436.31
265	177	30.0	101156	15.12	101160	14.74	103510	94	31.14	1.44	9.76	408.57
266	175	30.0	101160	13.84	101165	14.53	103756	94	31.32	1.57	8.58	505.66
267	175	30.0	101160	14.46	101157	14.47	103790	94	31.18	1.49	9.34	553.91
268	174	30.1	101155	14.23	101162	14.43	103207	93	31.24	1.6	1.87	534.04
269	185	30.0	101165	14.15	101162	14.53	103744	94	31.4	1.5	3.56	512.23
270	183	30.1	101163	14.5	101162	14.07	103597	94	31.17	1.44	5.92	404.2
271	176	30.1	101165	14.61	101169	14.53	103771	94	31.3	1.48	6.33	417.47
272	174	30.0	101156	14.1	101163	14.55	103624	94	31.18	1.53	8.33	442.73
273	173	29.9	101156	14.42	101161	14.65	103703	94	31.14	1.59	8.58	573.42
274	173	30.0	101163	13.81	101166	14.33	103750	94	31.22	1.5	4.06	563.61
275	175	30.0	101164	14.34	101162	14.5	104284	94	31.27	1.61	4.66	434.11
276	173	30.0	101165	14.67	101155	15.43	103929	94	31.22	1.53	4.08	381.24
277	176	30.0	101153	14.17	101162	14.36	103668	94	31.13	1.45	15.0	433.4
278	177	30.0	101156	14.36	101159	14.8	103497	94	31.15	1.58	7.07	472.94
279	177	29.9	101160	14.56	101163	14.09	103893	94	31.32	1.47	8.58	517.56
280	181	30.0	101165	14.11	101165	14.33	103732	94	31.25	1.48	7.43	518.98
281	179	30.0	101163	14.29	101157	15.08	103635	94	31.28	1.51	8.27	416.0
282	175	30.0	101163	14.71	101166	14.47	103699	94	31.18	1.46	4.41	412.94
283	172	30.1	101150	14.6	101162	14.21	103723	94	31.2	1.57	4.43	427.9
284	180	30.1	101164	14.81	101159	14.71	103783	94	31.21	1.49	10.61	551.16
285	178	30.0	101164	14.05	101167	14.02	103377	93	31.21	1.51	4.15	447.25
286	174	30.0	101162	14.39	101162	14.66	103823	94	31.13	1.45	1.53	542.29
287	174	30.0	101164	14.71	101161	14.17	103721	94	31.26	1.44	4.99	478.36
288	179	30.0	101155	14.62	101166	14.07	104067	94	31.14	1.44	8.02	460.6
289	176	30.1	101162	14.6	101167	14.37	103390	93	31.22	1.59	6.84	499.95
290	177	30.0	101162	14.28	101162	13.93	103950	94	31.31	1.5	3.56	546.07
291	175	30.0	101164	14.15	101165	14.46	104037	94	31.18	1.51	4.77	377.04
292	174	29.9	101165	14.09	101163	14.39	104050	94	31.27	1.49	6.6	470.26
293	171	30.0	101165	14.42	101163	14.22	103430	94	31.14	1.52	9.3	418.58
294	173	30.0	101161	14.23	101159	14.65	103618	94	31.2	1.58	9.27	377.63
295	169	30.1	101173	13.95	101168	14.18	103844	94	31.17	1.57	3.27	567.48
296	171	30.1	101167	14.05	101165	14.68	104163	94	31.2	1.49	10.04	395.73
297	172	30.1	101161	15.0	101164	14.72	103650	94	31.12	1.61	1.44	417.54
298	170	30.0	101160	14.43	101165	14.51	103891	94	31.36	1.57	8.52	418.57
299	173	30.0	101156	14.38	101161	14.91	103830	94	31.23	1.61	3.75	505.51
300	170	29.9	101164	14.31	101168	14.49	104060	94	31.27	1.49	10.02	515.84
301	173	30.0	101165	14.55	101162	14.56	103311	93	31.2	1.54	1.78	441.89
302	171	30.0	101161	14.69	101155	14.82	103666	94	31.3	1.47	4.48	382.02
303	172	30.0	101166	14.67	101160	14.52	103552	94	31.16	1.58	8.74	451.09
304	171	30.0	101158	14.67	101160	14.74	103760	94	31.13	1.58	5.23	484.25
305	176	30.0	101164	14.32	101163	14.44	103992	94	31.31	1.5	8.32	508.16
306	179	30.0	101160	14.85	101161	14.47	103708	94	31.26	1.58	2.58	505.1
307	170	30.0	101159	14.36	101165	14.46	103981	94	31.19	1.57	5.08	515.25
308	170	30.0	101160	14.18	101159	14.1	104053	94	31.31	1.47	4.49	521.28
309	172	30.0	101163	14.32	101164	14.22	103948	94	31.37	1.58	4.32	560.39
310	175	30.1	101162	14.69	101163	14.16	103495	94	31.32	1.5	7.74	529.49
311	173	29.9	101165	14.71	101156	14.76	103773	94	31.18	1.6	1.7	388.45
312	172	30.0	101161	14.45	101156	15.01	103820	94	31.08	1.45	8.95	497.53
313	173	30.0	101165	14.09	101171	13.53	104173	94	31.33	1.49	7.84	421.78
314	174	29.9	101164	14.47	101166	14.7	103642	94	31.19	1.56	6.26	471.86
315	170	30.0	101162	14.46	101162	14.36	103490	94	31.22	1.59	2.7	499.0
316	174	30.0	101156	14.47	101160	14.36	104113	94	31.21	1.47	2.19	564.15
317	170	30.0	101166	14.66	101156	14.58	104058	94	31.31	1.53	9.1	571.58
318	170	29.9	101155	14.95	101163	14.87	103374	93	31.28	1.52	2.75	406.44
319	172	30.0	101156	14.29	101155	14.73	103412	94	31.23	1.56	5.08	542.5
320	173	30.0	101159	14.58	101159	14.47	103613	94	31.25	1.57	7.54	521.6
321	172	29.9	101164	13.46	101161	13.97	103532	94	31.33	1.48	3.01	404.39
322	173	30.0	101159	14.34	101161	14.0	103481	94	31.27	1.49	9.35	405.57
323	171	30.0	101157	14.43	101160	14.99	103789	94	31.15	1.48	9.7	410.4
324	174	30.0	101159	14.55	101161	14.61	103622	94	31.3	1.48	5.5	518.65
325	175	30.0	101157	14.6	101160	14.97	103586	94	31.27	1.47	7.12	496.71
326	173	30.0	101158	14.7	101161	15.01	103675	94	31.08	1.55	3.17	428.85
327	175	30.0	101164	14.5	101166	14.21	103797	94	31.3	1.46	8.41	486.76
328	176	30.0	101159	14.43	101160	14.67	104113	94	31.38	1.57	2.44	385.53
329	183	29.9	101164	14.18	101158	14.72	103582	94	31.33	1.55	2.72	407.71
330	174	30.0	101166	14.5	101165	14.61	103490	94	31.1	1.6	7.97	487.94
331	172	30.0	101159	14.91	101163	14.36	103357	93	31.08	1.47	5.52	385.53
332	175	30.0	101162	14.34	101163	14.57	103426	94	31.25	1.51	9.0	573.71
333	174	30.0	101161	14.19	101161	14.62	103819	94	31.11	1.6	4.53	433.82
334	179	30.0	101158	14.77	101162	14.54	103544	94	31.42	1.52	5.96	490.84
335	177	30.0	101162	14.37	101163	14.28	103332	93	31.3	1.55	6.26	386.13
336	182	30.0	101160	14.66	101160	14.7	103505	94	31.23	1.41	16.4	394.5
337	178	30.0	101157	14.4	101162	14.32	103591	94	31.05	1.62	13.9	417.58
338	177	30.0	101160	14.33	101160	15.0	102901	93	31.35	1.47	8.86	490.35
339	179	30.0	101155	14.8	101160	14.86	103125	93	31.22	1.45	3.75	463.0
340	175	30.0	101160	14.7	101161	14.71	103221	93	31.25	1.61	3.05	383.19
341	175	30.0	101161	14.66	101161	15.15	103176	93	31.23	1.54	5.82	456.4
342	175	30.1	101162	14.06	101161	14.49	102976	93	31.22	1.56	8.58	487.0
343	173	30.1	101166	13.82	101157	14.56	103116	93	31.08	1.45	5.55	439.29
344	174	29.9	101165	14.39	101161	14.36	103307	93	31.18	1.56	6.84	484.05
345	166	30.0	101156	14.19	101159	14.85	102985	93	31.18	1.46	14.61	496.44
346	165	29.9	101165	14.47	101163	15.12	102916	93	31.18	1.62	6.43	496.8
347	167	29.9	101158	14.72	101156	14.81	103017	93	31.21	1.53	10.25	410.71
348	170	30.0	101156	14.87	101162	14.26	103369	93	31.14	1.54	5.14	484.58
349	172	30.1	101155	14.89	101149	14.65	102712	93	31.22	1.57	7.67	484.94
350	165	30.0	101155	15.12	101153	15.73	103173	93	31.17	1.49	4.91	515.09
351	166	30.1	101155	15.13	101154	15.07	103067	93	31.3	1.47	4.14	540.62
352	173	29.9	101164	14.33	101163	13.91	103155	93	31.3	1.53	3.53	526.75
353	163	30.0	101156	15.0	101157	15.26	102495	93	31.22	1.54	7.46	469.77
354	165	30.1	101158	15.02	101156	14.5	102620	93	31.16	1.47	10.25	494.15
355	167	30.0	101149	15.04	101156	14.45	103086	93	31.41	1.51	8.6	568.9
356	165	30.0	101153	15.08	101147	14.69	103530	94	31.26	1.6	11.59	453.04
357	168	30.2	101149	15.47	101162	14.56	102391	93	31.18	1.55	4.67	419.4
358	167	30.0	101163	14.63	101163	14.3	102816	93	31.32	1.48	2.23	422.44
359	164	30.1	101154	14.67	101154	14.6	102790	93	31.2	1.56	7.65	465.42
360	178	30.1	101160	14.44	101161	14.46	103121	93	31.34	1.64	5.66	441.65
361	173	30.0	101162	15.02	101161	14.53	102825	93	31.27	1.56	8.55	387.9
362	167	30.1	101171	13.96	101161	14.59	102590	93	31.19	1.45	7.28	515.04
363	163	30.1	101159	14.47	101168	14.75	103161	93	31.25	1.51	3.49	573.35
364	164	30.1	101166	14.25	101167	13.82	103263	93	31.23	1.5	5.68	381.31
365	164	30.1	101167	13.84	101176	13.51	103153	93	31.21	1.56	4.02	434.36
366	165	30.1	101168	14.51	101159	14.38	103154	93	31.23	1.52	4.12	462.47
367	167	30.1	101154	14.41	101160	13.9	103366	93	31.32	1.49	4.2	386.63
368	163	30.1	101163	13.72	101169	14.27	103475	94	31.22	1.46	3.42	508.8
369	164	30.0	101168	13.8	101164	14.08	103168	93	31.22	1.58	4.66	386.01
370	163	30.1	101160	14.37	101164	14.34	103108	93	31.23	1.47	8.87	545.21
371	163	30.1	101164	14.12	101164	14.21	103188	93	31.22	1.48	8.01	411.02
372	162	30.1	101163	14.09	101158	14.12	103707	94	31.36	1.53	15.38	435.99
373	165	30.1	101158	14.8	101168	13.98	103447	94	31.08	1.54	5.35	398.79
374	167	30.0	101163	14.4	101167	13.9	102646	93	31.18	1.48	11.66	465.96
375	165	30.1	101164	13.99	101166	14.24	102825	93	31.22	1.6	6.94	499.75
376	177	30.1	101170	13.82	101162	14.3	102871	93	31.29	1.62	15.23	454.77
377	161	30.1	101167	14.13	101167	13.75	103141	93	31.19	1.59	10.28	463.42
378	174	30.1	101159	14.64	101159	14.53	102672	93	31.33	1.6	1.68	532.32
379	173	30.1	101168	14.01	101164	13.96	102639	93	31.18	1.5	3.7	570.56
380	168	30.0	101166	14.68	101162	14.25	103143	93	31.22	1.61	2.83	526.28
381	165	30.2	101160	14.41	101162	14.72	102699	93	31.17	1.54	9.19	387.34
382	163	30.2	101161	14.28	101157	14.08	102968	93	31.18	1.56	9.88	520.51
383	163	30.1	101163	14.66	101159	14.64	102842	93	31.34	1.49	3.28	428.69
384	162	30.2	101164	14.04	101161	14.48	103687	94	31.13	1.6	8.85	550.92
385	170	30.0	101159	14.38	101163	14.63	103033	93	31.2	1.5	5.36	500.38
386	163	30.0	101162	14.35	101162	14.9	103109	93	31.25	1.59	2.45	510.41
387	163	30.1	101162	14.42	101161	14.37	102973	93	31.28	1.58	10.22	390.94
388	164	30.2	101159	14.77	101168	14.4	103018	93	31.41	1.49	8.09	520.15
389	163	30.1	101161	14.4	101165	14.8	102923	93	31.18	1.62	4.02	577.48
390	163	30.1	101162	14.44	101163	14.41	103255	93	31.28	1.58	2.63	421.44
391	164	30.1	101162	14.6	101161	14.56	103642	94	31.34	1.57	8.23	447.43
392	163	30.1	101162	14.35	101164	14.43	102605	93	31.13	1.55	7.28	448.79
393	159	30.1	101159	14.86	101156	14.54	103068	93	31.16	1.58	4.34	572.95
394	156	30.1	101161	14.43	101162	14.75	103037	93	31.28	1.48	8.64	410.74
395	161	30.1	101158	14.53	101162	14.73	103196	93	31.22	1.6	13.43	384.46
396	160	30.1	101164	14.36	101155	14.72	102630	93	31.36	1.6	8.81	438.5
397	178	30.0	101166	14.29	101156	14.82	103142	93	31.23	1.63	7.88	512.33
398	167	30.1	101161	14.51	101158	14.54	102999	93	31.19	1.54	2.09	453.22
399	164	30.1	101163	14.05	101158	14.64	102775	93	31.06	1.63	9.89	487.67
400	171	30.1	101156	14.19	101163	14.38	103172	93	31.08	1.48	7.16	451.49
401	180	30.0	101164	14.2	101168	14.43	102964	93	31.2	1.52	7.95	513.37
402	174	30.1	101158	14.34	101159	14.52	103072	93	31.18	1.49	7.82	425.47
403	176	30.1	101156	14.65	101158	14.75	102675	93	31.28	1.48	8.61	495.7
404	173	30.1	101156	14.62	101160	15.02	103381	93	31.18	1.58	8.05	485.49
405	166	30.0	101160	14.59	101156	14.69	103243	93	31.2	1.53	7.98	513.46
406	167	30.1	101158	14.45	101162	14.33	103252	93	31.08	1.54	3.55	412.44
407	167	30.0	101158	13.96	101162	14.4	102954	93	31.27	1.59	4.88	519.36
408	168	30.1	101160	15.11	101161	14.43	103181	93	31.27	1.49	4.54	554.79
409	164	30.0	101159	14.91	101162	14.57	103824	94	31.2	1.6	8.24	525.02
410	181	30.1	101159	14.59	101158	15.43	103698	94	31.19	1.56	1.46	502.92
411	171	30.1	101155	14.85	101162	14.57	103169	93	31.18	1.57	8.94	444.05
412	170	30.0	101162	14.88	101162	14.26	103392	93	31.25	1.51	3.3	382.96
413	169	30.1	101157	15.04	101161	14.92	104008	94	31.31	1.6	6.38	427.94
414	169	30.1	101165	14.93	101155	14.27	103368	93	31.27	1.48	7.92	551.1
415	170	30.1	101166	14.57	101155	14.82	103220	93	31.22	1.63	4.2	561.29
416	168	30.1	101155	14.87	101161	14.5	103313	93	31.25	1.64	1.29	459.08
417	172	30.1	101158	14.8	101157	14.87	103948	94	31.4	1.6	3.64	398.18
418	171	30.1	101154	15.56	101154	14.81	103359	93	31.23	1.48	15.79	486.95
419	171	30.1	101156	15.61	101156	14.31	103554	94	31.27	1.61	3.63	534.31
420	171	30.1	101164	14.29	101162	14.41	103505	94	31.13	1.5	3.07	451.32
421	170	30.1	101157	14.51	101155	14.44	103426	94	31.29	1.61	3.06	502.37
422	171	30.1	101159	14.12	101163	14.73	103556	94	31.29	1.38	29.27	428.19
423	174	30.1	101161	14.85	101159	14.65	103366	93	31.16	1.49	10.53	548.62
424	181	30.1	101157	14.64	101158	14.66	103485	94	31.34	1.61	6.19	435.9
425	176	30.1	101160	14.36	101161	14.22	103420	94	31.26	1.52	5.72	438.11
426	175	30.2	101169	14.49	101158	14.12	103454	94	31.36	1.58	6.33	426.26
427	187	30.1	101155	14.93	101158	14.65	103131	93	31.04	1.53	4.64	560.17
428	196	30.1	101162	14.28	101161	14.93	103213	93	31.3	1.64	5.33	495.66
429	191	30.1	101156	15.43	101159	15.26	103757	94	31.18	1.63	4.2	448.88
430	191	30.1	101157	14.67	101162	14.51	104033	94	31.18	1.51	1.99	420.12
431	198	30.1	101149	14.97	101148	15.06	103349	93	31.34	1.62	7.41	439.13
432	195	30.1	101155	15.11	101157	14.87	103380	93	31.27	1.48	3.86	502.46
433	189	30.1	101161	14.95	101157	14.42	104038	94	31.22	1.59	7.42	412.55
434	191	30.0	101159	14.5	101155	14.93	104301	94	31.29	1.48	6.73	379.8
435	194	30.1	101158	14.75	101152	14.75	103313	93	31.37	1.51	2.5	574.11
436	184	30.0	101154	14.86	101156	14.46	103472	94	31.21	1.59	3.1	489.25
437	183	30.1	101161	14.2	101165	14.42	103988	94	31.18	1.49	7.56	550.34
438	183	30.0	101156	15.42	101155	14.71	104074	94	31.29	1.63	2.62	531.47
439	187	30.1	101160	14.26	101163	14.62	103880	94	31.13	1.62	7.43	460.32
440	180	30.1	101161	14.5	101158	14.65	103536	94	31.09	1.63	12.61	390.31
441	181	30.2	101161	14.45	101159	14.33	103519	94	31.33	1.49	10.12	519.65
442	181	30.1	101157	14.25	101165	14.36	103347	93	31.36	1.61	19.89	565.22
443	219	30.0	101158	14.95	101158	14.99	103739	94	31.37	1.55	8.18	534.3
444	216	30.1	101160	14.64	101168	14.78	103099	93	31.29	1.51	7.02	545.43
445	210	30.1	101154	14.71	101162	15.03	103314	93	31.18	1.48	11.03	434.89
446	225	30.1	101156	15.07	101154	14.66	103555	94	31.23	1.46	8.64	399.92
447	179	30.1	101154	14.8	101161	14.87	103485	94	31.21	1.54	4.87	489.83
448	181	30.1	101156	15.5	101160	14.61	103510	94	31.24	1.46	9.42	388.51
449	182	30.1	101158	14.66	101161	14.73	103907	94	31.26	1.45	1.94	383.38
450	180	30.1	101157	14.38	101159	14.94	104167	94	31.22	1.62	4.56	489.53
451	176	30.1	101157	14.43	101158	14.8	104131	94	31.3	1.5	7.4	496.2
452	187	30.1	101162	14.74	101161	14.52	104164	94	31.34	1.54	5.54	430.95
453	179	30.0	101155	14.68	101161	14.6	104697	95	31.24	1.54	9.09	556.12
454	184	30.1	101160	14.11	101163	14.34	105080	95	31.36	1.6	5.95	541.96
455	187	30.1	101162	14.58	101161	14.49	104612	95	31.16	1.54	9.09	394.55
456	182	30.0	101159	14.26	101165	14.24	104666	95	31.13	1.46	6.78	419.57
457	187	30.1	101164	14.75	101163	14.8	104891	95	31.15	1.58	9.31	504.89
458	192	30.1	101161	14.46	101159	14.99	105659	96	31.18	1.55	14.64	521.33
459	187	30.1	101163	14.52	101155	14.17	105567	95	31.32	1.55	4.74	402.46
460	189	30.1	101155	15.03	101158	14.7	106201	96	31.28	1.5	1.99	429.47
461	184	30.1	101155	14.62	101161	14.43	105713	96	31.22	1.56	2.98	457.67
462	182	30.1	101159	14.34	101162	15.03	105879	96	31.37	1.58	5.23	504.92
463	189	30.0	101156	14.62	101155	15.06	105221	95	31.16	1.58	3.17	398.01
464	184	30.2	101158	13.87	101164	14.13	104960	95	31.38	1.48	1.6	504.19
465	180	30.1	101156	14.52	101158	14.61	104803	95	31.14	1.5	7.59	433.35
466	177	30.0	101165	14.29	101167	14.34	104924	95	31.1	1.59	7.78	513.67
467	181	30.1	101162	14.77	101158	14.36	104177	94	31.13	1.51	5.78	384.77
468	183	30.1	101147	14.68	101161	14.8	104144	94	31.13	1.54	3.72	519.98
469	178	30.1	101166	14.1	101164	14.5	104261	94	31.32	1.57	4.82	507.1
470	180	30.2	101169	14.48	101162	14.53	104539	95	31.33	1.55	6.18	474.1
471	184	30.1	101158	15.06	101158	14.47	104480	94	31.31	1.53	6.38	512.42
472	185	30.1	101161	14.86	101159	15.07	103947	94	31.25	1.56	2.0	556.59
473	187	30.1	101156	14.29	101154	15.27	104108	94	31.28	1.5	4.15	418.55
474	180	30.1	101159	14.7	101157	14.41	104831	95	31.3	1.55	8.71	483.96
475	181	30.1	101157	14.21	101166	14.24	104398	94	31.08	1.57	6.55	422.15
476	189	30.2	101161	14.58	101164	14.19	104314	94	31.18	1.61	3.58	563.28
477	183	30.1	101159	15.1	101159	14.35	104143	94	31.3	1.47	7.64	427.49
478	182	30.1	101160	14.51	101161	14.15	104696	95	31.21	1.57	1.8	393.55
479	186	30.1	101157	14.55	101157	14.56	104752	95	31.15	1.58	4.35	461.57
480	184	30.0	101154	14.44	101147	14.52	103712	94	31.27	1.5	2.23	512.74
481	188	30.2	101161	14.4	101161	14.41	104477	94	31.17	1.55	7.96	533.95
482	185	30.1	101157	14.84	101160	14.85	104575	95	31.16	1.45	4.06	572.87
483	186	30.1	101160	14.69	101163	14.49	104713	95	31.21	1.5	2.54	496.98
484	182	30.1	101159	14.7	101163	14.43	103766	94	31.33	1.5	7.41	393.22
485	178	30.1	101163	14.74	101160	14.55	103847	94	31.24	1.54	7.86	511.44
486	178	30.1	101163	14.7	101163	14.37	104109	94	31.19	1.46	8.24	439.59
487	184	30.0	101157	14.74	101153	14.9	104200	94	31.26	1.54	8.18	397.14
488	182	30.1	101155	14.7	101155	14.81	103341	93	31.39	1.48	7.02	477.26
489	186	30.0	101162	15.6	101156	14.99	103874	94	31.31	1.52	3.86	540.43
490	187	30.1	101159	14.51	101149	14.76	104219	94	31.3	1.6	5.97	540.79
491	189	30.1	101163	14.18	101163	14.68	104227	94	31.18	1.48	5.38	573.98
492	178	30.1	101155	14.9	101155	14.72	103467	94	31.1	1.61	3.42	494.97
493	179	30.2	101160	15.29	101159	14.93	104023	94	31.32	1.48	6.29	497.13
494	177	30.1	101156	14.62	101149	14.63	104169	94	31.22	1.54	8.98	578.54
495	179	30.0	101154	14.93	101155	14.67	104041	94	31.18	1.55	7.82	468.76
496	178	30.1	101155	14.87	101158	14.8	103630	94	31.18	1.46	8.25	425.97
497	179	30.1	101159	14.61	101157	14.93	103945	94	31.16	1.51	6.32	478.77
498	183	30.2	101161	15.61	101152	14.81	104287	94	31.34	1.45	7.32	539.78
499	184	30.1	101162	14.29	101167	14.51	104382	94	31.21	1.6	8.95	542.89
500	179	30.1	101163	14.56	101161	14.31	103207	93	31.24	1.58	3.54	473.07
501	180	30.2	101160	14.69	101159	14.35	103818	94	31.18	1.61	3.82	386.14
502	176	30.1	101169	14.2	101164	14.6	103739	94	31.19	1.54	5.95	534.1
503	175	30.2	101169	13.77	101159	14.44	103880	94	31.37	1.47	9.33	414.95
504	182	30.1	101154	14.49	101155	14.21	103333	93	31.31	1.55	6.6	393.06
505	181	30.1	101163	15.08	101158	14.66	103727	94	31.3	1.5	8.67	553.17
506	181	30.1	101156	14.8	101156	14.26	103813	94	31.29	1.6	2.93	390.12
507	185	30.2	101158	14.61	101157	15.04	104240	94	31.13	1.58	7.66	427.12
508	183	30.1	101159	14.95	101150	15.26	103751	94	31.24	1.52	14.18	486.85
509	187	30.1	101155	15.05	101154	14.96	103560	94	31.23	1.67	27.38	508.74
510	188	30.2	101160	15.5	101155	14.9	103633	94	31.25	1.63	20.08	577.33
511	191	30.2	101159	14.74	101164	14.33	104177	94	31.14	1.54	25.5	579.01
512	183	30.1	101158	14.76	101162	14.18	103737	94	31.25	1.49	8.22	545.82
513	187	30.0	101159	14.32	101167	14.8	103379	93	31.18	1.51	11.34	505.6
514	177	30.1	101164	14.11	101160	14.23	103825	94	31.16	1.47	19.22	522.59
515	193	30.1	101160	14.62	101158	15.29	104027	94	31.17	1.37	14.92	531.87
516	194	30.1	101160	14.11	101165	14.19	104105	94	31.14	1.54	13.95	492.29
517	196	30.1	101160	14.85	101160	14.53	103462	94	31.22	1.49	13.73	434.05
518	194	30.1	101156	15.38	101156	14.92	104048	94	31.18	1.48	2.68	513.13
519	194	30.0	101152	14.69	101153	15.11	103782	94	31.22	1.53	13.07	494.53
520	205	30.2	101159	14.48	101159	14.58	103431	94	31.13	1.57	11.09	394.62
521	197	30.1	101158	14.92	101156	14.64	103563	94	31.24	1.59	2.82	479.82
522	189	30.1	101156	15.5	101161	14.45	103522	94	31.31	1.5	3.51	525.2
523	191	30.1	101158	15.07	101153	14.9	104189	94	31.31	1.54	9.7	386.91
524	193	30.1	101156	14.77	101156	14.57	103636	94	31.27	1.46	8.63	533.87
525	188	30.1	101152	14.93	101158	14.78	103425	94	31.29	1.52	5.09	568.25
526	188	30.2	101151	14.8	101157	15.55	103792	94	31.3	1.5	4.2	480.42
527	189	30.2	101148	15.44	101147	15.73	103859	94	31.22	1.6	8.93	553.59
528	190	30.1	101156	15.0	101150	14.87	103427	94	31.25	1.47	8.17	435.68
529	188	30.1	101157	15.01	101155	15.56	103689	94	31.3	1.51	9.73	565.11
530	189	30.1	101158	14.78	101158	14.8	104082	94	31.29	1.58	7.97	539.12
531	191	30.1	101156	14.57	101151	14.82	104397	94	31.33	1.5	10.8	403.32
532	191	30.0	101154	14.69	101156	14.91	103764	94	31.32	1.58	13.94	463.35
533	193	30.1	101152	15.02	101147	15.06	104344	94	31.25	1.61	8.32	413.61
534	190	30.0	101154	14.73	101157	15.03	104080	94	31.21	1.5	3.74	471.14
535	195	30.1	101157	15.64	101156	15.03	104866	95	31.36	1.57	8.71	529.54
536	187	30.1	101157	14.98	101155	15.28	104148	94	31.19	1.6	4.26	471.68
537	188	30.0	101157	15.46	101159	15.01	104484	94	31.31	1.59	10.53	462.29
538	191	30.1	101162	14.94	101165	14.61	104217	94	31.18	1.6	4.51	406.12
539	191	30.1	101154	14.96	101161	15.49	104695	95	31.24	1.49	16.17	485.54
540	193	30.1	101155	14.47	101159	14.7	103899	94	31.35	1.47	3.85	545.85
541	191	30.2	101163	14.33	101165	14.44	104001	94	31.13	1.51	6.66	447.05
542	191	30.2	101162	14.54	101157	14.8	104600	95	31.29	1.49	2.55	423.14
543	199	30.0	101158	14.5	101162	14.25	104429	94	31.29	1.48	8.89	389.43
544	193	30.1	101157	14.54	101159	14.68	104396	94	31.18	1.48	8.34	493.65
545	196	30.1	101155	14.86	101150	15.02	104421	94	31.26	1.52	3.89	423.89
546	196	30.1	101160	14.96	101163	14.8	104448	94	31.22	1.46	10.55	517.36
547	195	30.1	101160	14.99	101159	14.92	104677	95	31.18	1.56	6.16	446.67
548	195	30.1	101156	14.53	101158	14.96	104473	94	31.26	1.58	10.21	453.36
549	193	30.2	101160	14.6	101161	14.7	104577	95	31.35	1.57	9.69	441.96
550	197	30.1	101149	14.95	101156	14.86	104287	94	31.2	1.61	3.92	458.36
551	199	30.1	101154	15.04	101146	15.09	104368	94	31.14	1.54	3.62	526.68
552	198	30.1	101155	14.93	101154	14.78	104422	94	31.18	1.57	9.13	465.98
553	206	30.1	101149	14.9	101153	15.66	104511	95	31.18	1.55	9.91	418.73
554	236	30.1	101155	14.92	101158	14.72	104268	94	31.27	1.57	7.07	580.74
555	205	30.1	101156	15.08	101156	14.74	104396	94	31.19	1.46	7.62	482.97
556	206	30.1	101148	15.03	101156	14.54	104317	94	31.24	1.46	6.42	513.09
557	202	30.0	101154	15.49	101153	14.77	104172	94	31.27	1.51	4.85	511.5
558	200	30.0	101162	14.92	101160	14.97	104148	94	31.08	1.62	4.0	540.7
559	197	30.1	101154	14.92	101161	15.26	104590	95	31.08	1.62	5.33	486.97
560	199	30.2	101155	15.75	101155	15.5	104822	95	31.34	1.54	5.14	438.13
561	200	30.1	101160	14.32	101161	14.49	104210	94	31.27	1.55	6.7	437.62
562	196	30.1	101162	14.76	101150	14.37	104625	95	31.29	1.51	3.98	471.6
563	197	30.0	101164	14.58	101166	14.2	104310	94	31.18	1.53	5.99	580.9
564	196	30.1	101160	15.07	101161	14.75	104608	95	31.25	1.57	14.29	417.08
565	207	30.0	101159	14.54	101159	14.72	103946	94	31.2	1.58	3.42	419.14
566	198	30.1	101158	14.65	101160	13.96	104001	94	31.17	1.56	2.47	581.26
567	196	30.2	101163	14.35	101164	15.35	104143	94	31.18	1.61	8.54	390.13
568	198	30.0	101155	14.75	101161	14.25	104148	94	31.29	1.49	4.44	580.82
569	196	30.1	101166	14.94	101163	14.6	103814	94	31.1	1.5	5.29	406.35
570	197	30.2	101164	14.13	101163	14.83	104168	94	31.3	1.48	3.53	449.55
571	195	30.0	101169	14.22	101168	14.1	103843	94	31.2	1.62	2.17	491.75
572	197	30.1	101163	14.31	101167	13.89	103927	94	31.04	1.56	2.72	410.74
573	194	30.1	101160	14.39	101161	14.39	103747	94	31.13	1.51	5.09	567.47
574	194	30.1	101164	14.61	101157	14.17	104317	94	31.21	1.6	6.92	577.88
575	196	30.2	101164	14.48	101163	14.14	104424	94	31.28	1.51	7.8	495.94
576	200	30.3	101161	14.76	101159	14.59	104490	94	31.26	1.5	4.79	395.18
577	195	30.2	101161	15.04	101159	14.81	103706	94	31.33	1.55	6.74	401.34
578	195	30.2	101156	15.12	101155	15.47	103914	94	31.13	1.63	7.95	430.48
579	199	30.2	101159	14.85	101156	14.72	104423	94	31.18	1.49	5.55	486.6
580	191	30.1	101155	15.09	101147	15.11	103811	94	31.27	1.49	3.56	466.5
581	192	30.1	101154	15.16	101154	15.06	104135	94	31.32	1.46	8.67	532.95
582	192	30.0	101155	14.9	101151	14.82	104513	95	31.26	1.59	6.08	415.1
583	191	30.1	101153	15.44	101153	14.83	104514	95	31.17	1.63	4.28	559.29
584	190	30.1	101149	15.45	101151	14.75	103810	94	31.19	1.52	9.31	440.43
585	192	30.1	101168	14.5	101156	14.82	104265	94	31.13	1.62	10.78	536.81
586	195	30.0	101148	15.67	101149	14.94	103984	94	31.22	1.52	1.63	535.78
587	198	30.3	101156	15.08	101158	15.52	104455	94	31.22	1.54	5.16	488.84
588	188	30.2	101156	15.01	101140	15.56	104023	94	31.18	1.46	4.57	486.13
589	188	30.1	101159	14.79	101158	14.26	104258	94	31.21	1.57	1.08	483.13
590	192	30.3	101154	15.01	101160	15.72	104086	94	31.36	1.56	9.4	562.34
591	191	30.1	101144	15.08	101154	15.66	104584	95	31.29	1.48	4.84	544.67
592	188	30.2	101158	14.59	101152	14.56	104366	94	31.34	1.54	3.78	396.72
593	184	30.0	101154	15.5	101154	15.02	103635	94	31.37	1.55	7.21	571.84
594	183	30.1	101161	15.1	101148	14.69	104161	94	31.36	1.57	7.96	565.84
595	181	30.1	101160	14.54	101158	14.68	104458	94	31.31	1.61	8.88	543.28
596	181	30.1	101153	14.97	101154	15.7	104366	94	31.14	1.53	8.43	424.17
597	185	30.1	101161	14.71	101160	14.67	104055	94	31.19	1.52	9.4	582.23
598	182	30.2	101159	14.76	101164	14.51	104075	94	31.14	1.49	4.58	425.45
599	183	30.1	101160	14.23	101158	14.89	104613	95	31.13	1.61	5.45	455.49
600	196	30.3	101157	15.27	101155	15.42	104397	94	31.19	1.61	5.67	468.67
601	191	30.1	101154	15.06	101155	15.45	104102	94	31.31	1.46	6.19	526.77
602	181	30.1	101158	14.74	101154	15.04	104222	94	31.24	1.54	8.5	563.93
603	181	30.1	101155	14.86	101161	14.53	104128	94	31.23	1.51	8.5	493.67
604	179	30.1	101156	14.54	101150	15.22	104282	94	31.45	1.63	5.03	467.01
605	178	30.1	101156	14.86	101157	14.86	104422	94	31.35	1.49	11.45	434.4
606	179	30.1	101155	14.63	101162	14.2	103797	94	31.13	1.5	16.99	462.93
607	177	30.1	101158	14.23	101160	14.58	104082	94	31.25	1.64	81.69	444.51
608	191	30.2	101161	14.97	101158	15.05	103919	94	31.28	1.41	23.1	476.24
609	191	30.1	101154	14.84	101156	15.19	104069	94	31.41	1.52	7.55	423.83
610	187	30.1	101157	14.91	101155	14.99	103790	94	31.08	1.57	9.18	463.34
611	175	30.1	101158	15.0	101154	15.21	103888	94	31.22	1.49	5.2	438.99
612	174	30.0	101157	14.95	101155	15.3	104116	94	31.39	1.43	9.71	533.94
613	169	30.1	101144	15.04	101152	15.07	103990	94	31.13	1.63	20.78	519.58
614	166	30.2	101161	14.91	101161	14.54	103672	94	31.23	1.44	4.54	438.19
615	165	30.1	101161	14.92	101160	14.69	103891	94	31.4	1.57	6.38	448.81
616	165	30.2	101155	15.07	101155	14.56	104321	94	31.4	1.49	4.21	506.97
617	167	30.1	101159	14.75	101150	15.03	104423	94	31.13	1.55	6.83	512.31
618	168	30.0	101150	14.75	101156	14.66	103635	94	31.22	1.43	7.46	435.52
619	170	30.1	101149	14.68	101154	15.18	104146	94	31.24	1.56	2.15	582.74
620	170	30.2	101153	15.18	101155	15.03	104092	94	31.39	1.42	3.14	427.63
621	173	30.0	101158	14.71	101159	15.0	103722	94	31.31	1.48	9.39	420.17
622	173	30.1	101153	14.21	101167	14.73	104239	94	31.28	1.52	10.33	419.71
623	169	30.3	101161	14.19	101166	14.57	104221	94	31.22	1.43	6.04	462.68
624	168	30.2	101158	14.56	101160	14.65	104663	95	31.36	1.46	6.47	552.71
625	171	30.1	101157	14.33	101154	15.1	104285	94	31.18	1.59	6.91	422.85
626	172	30.2	101159	14.94	101157	14.99	104151	94	31.25	1.57	7.09	597.06
627	173	30.1	101159	14.85	101158	15.03	104385	94	31.22	1.49	9.18	404.22
628	181	30.2	101157	15.11	101144	15.09	104082	94	31.29	1.53	4.87	426.23
629	184	30.2	101158	15.11	101153	14.76	104442	94	31.35	1.45	7.14	435.27
630	179	30.0	101154	14.45	101159	14.69	104247	94	31.28	1.5	13.42	398.98
631	175	30.2	101157	14.68	101158	14.86	104434	94	31.32	1.51	2.84	481.71
632	165	30.1	101165	14.41	101163	14.4	104602	95	31.41	1.55	10.47	500.11
633	166	30.2	101155	14.98	101155	14.55	103694	94	31.27	1.53	7.8	563.82
634	167	30.2	101165	14.36	101164	14.34	104287	94	31.45	1.45	10.73	483.11
635	168	30.0	101154	15.01	101154	14.59	104653	95	31.32	1.43	6.49	561.35
636	171	30.1	101153	15.7	101155	15.18	104871	95	31.25	1.47	7.75	518.24
637	171	30.0	101154	15.07	101158	14.36	103697	94	31.18	1.48	9.14	459.82
638	167	30.1	101155	14.78	101159	14.54	104112	94	31.26	1.5	8.97	554.34
639	168	30.1	101158	14.88	101161	14.85	104359	94	31.22	1.45	5.62	495.74
640	165	30.1	101163	14.52	101158	14.92	104452	94	31.26	1.51	3.63	435.02
641	166	30.1	101162	14.35	101154	15.08	103954	94	31.18	1.44	5.11	462.72
642	167	30.2	101155	14.36	101160	14.57	104571	95	31.26	1.46	13.07	463.98
643	165	30.1	101162	14.64	101154	14.56	104692	95	31.35	1.54	5.2	542.5
644	166	30.1	101157	14.96	101160	14.64	104361	94	31.42	1.5	12.07	530.0
645	165	30.1	101159	14.94	101161	14.97	104267	94	31.51	1.49	5.24	493.43
646	165	30.2	101158	14.27	101162	14.75	104638	95	31.22	1.58	3.4	578.19
647	167	30.1	101157	14.6	101159	15.76	104663	95	31.23	1.49	8.03	477.53
648	167	30.1	101161	14.92	101158	14.91	104704	95	31.3	1.45	8.55	526.1
649	167	30.1	101157	15.08	101155	15.07	104191	94	31.08	1.56	2.3	502.43
650	165	30.2	101164	14.51	101164	14.36	104289	94	31.33	1.45	5.06	454.11
651	174	30.2	101156	14.63	101156	14.63	104682	95	31.19	1.47	9.63	485.39
652	165	30.1	101157	15.03	101156	14.93	104374	94	31.23	1.53	10.46	453.98
653	166	30.1	101153	14.72	101158	14.99	104078	94	31.41	1.42	8.42	549.27
654	164	30.2	101155	14.71	101161	14.54	104700	95	31.32	1.49	9.52	474.15
655	165	30.1	101159	14.96	101155	14.78	104867	95	31.28	1.58	5.32	404.16
656	166	30.2	101150	14.66	101160	14.45	104995	95	31.37	1.54	7.28	558.11
657	167	30.3	101159	14.83	101156	14.55	104728	95	31.17	1.5	5.84	398.3
658	166	30.2	101159	14.41	101157	14.94	104509	95	31.14	1.58	7.24	531.76
659	167	30.3	101158	14.88	101146	14.94	104824	95	31.4	1.47	2.2	479.08
660	167	30.1	101158	14.72	101156	14.62	104789	95	31.18	1.55	6.51	545.41
661	165	30.2	101156	14.93	101160	14.74	104964	95	31.28	1.52	3.8	564.8
662	165	30.2	101158	15.04	101158	14.48	104551	95	31.27	1.46	2.84	519.06
663	165	30.2	101157	14.99	101158	14.58	104555	95	31.29	1.49	3.88	554.39
664	165	30.3	101154	15.12	101155	15.02	104351	94	31.37	1.58	1.9	534.49
665	167	30.2	101162	14.64	101160	14.84	104298	94	31.27	1.52	10.1	459.0
666	167	30.2	101150	14.99	101152	15.48	104282	94	31.26	1.53	2.14	515.27
667	164	30.3	101149	15.37	101157	14.88	104688	95	31.13	1.43	5.85	507.63
668	166	30.3	101152	15.77	101154	15.1	104429	94	31.22	1.51	2.65	402.9
669	167	30.2	101152	15.71	101154	15.23	104322	94	31.43	1.43	4.83	546.1
670	167	30.2	101156	14.4	101158	15.18	103989	94	31.35	1.58	4.83	410.26
671	170	30.1	101152	15.36	101150	14.85	104656	95	31.34	1.51	3.19	414.5
672	166	30.2	101160	15.17	101157	14.83	104397	94	31.32	1.49	7.0	414.66
673	167	30.1	101155	15.29	101156	15.35	104173	94	31.13	1.52	7.44	474.25
674	169	30.2	101150	15.38	101154	14.92	104047	94	31.18	1.53	1.44	557.49
675	168	30.2	101157	15.04	101161	14.58	104342	94	31.27	1.53	5.13	474.81
676	165	30.2	101157	15.42	101159	15.4	104731	95	31.39	1.6	7.74	558.1
677	164	30.2	101148	15.78	101146	15.86	104139	94	31.3	1.49	10.36	460.52
678	165	30.2	101158	14.86	101164	14.34	104468	94	31.13	1.55	8.01	456.42
679	164	30.2	101158	14.95	101150	15.08	104506	95	31.29	1.49	8.61	578.9
680	164	30.2	101158	14.58	101156	15.46	104472	94	31.37	1.58	2.79	589.16
681	166	30.3	101159	14.42	101149	14.73	104027	94	31.37	1.44	3.54	572.3
682	171	30.2	101149	14.8	101162	14.77	104242	94	31.26	1.54	3.23	487.43
683	170	30.1	101160	14.31	101162	15.03	104446	94	31.3	1.45	4.52	558.72
684	165	30.2	101146	14.75	101154	14.81	104143	94	31.29	1.54	3.4	509.74
685	167	30.2	101154	15.52	101153	14.93	104044	94	31.47	1.45	8.0	580.06
686	165	30.2	101154	15.42	101148	14.76	103925	94	31.31	1.48	6.72	516.31
687	166	30.2	101157	14.51	101157	15.1	104369	94	31.26	1.49	4.01	529.64
688	164	30.2	101156	15.64	101151	14.9	104511	95	31.41	1.46	4.25	585.89
689	164	30.1	101158	14.86	101156	14.74	103656	94	31.34	1.59	9.32	428.38
690	165	30.1	101146	15.67	101159	15.42	103816	94	31.23	1.45	4.88	411.38
691	164	30.2	101154	14.2	101158	14.85	104097	94	31.35	1.58	6.21	492.77
692	168	30.2	101163	14.4	101158	14.79	104651	95	31.27	1.53	6.2	504.68
693	164	30.2	101167	14.2	101167	14.32	103941	94	31.37	1.51	6.28	516.96
694	167	30.3	101163	14.39	101164	14.54	104297	94	31.23	1.52	1.64	485.02
695	165	30.3	101161	15.39	101159	14.57	104311	94	31.33	1.56	3.52	496.12
696	167	30.2	101160	14.72	101152	14.37	104237	94	31.37	1.55	4.12	551.44
697	167	30.2	101156	14.11	101160	14.6	103678	94	31.25	1.55	9.6	547.75
698	163	30.2	101164	13.91	101164	14.38	104002	94	31.35	1.5	6.04	413.87
699	166	30.2	101159	14.93	101156	14.5	103823	94	31.33	1.45	7.74	457.93
700	163	30.2	101159	14.51	101164	14.59	104022	94	31.23	1.5	10.07	567.27
701	165	30.2	101164	14.77	101167	13.89	103838	94	31.37	1.49	6.37	602.39
702	163	30.3	101166	14.5	101161	14.57	103797	94	31.27	1.55	1.82	514.5
703	165	30.1	101164	14.85	101162	14.99	104012	94	31.32	1.46	4.45	590.72
704	171	30.2	101156	14.37	101157	15.5	104007	94	31.27	1.51	2.29	604.87
705	168	30.3	101159	14.54	101158	14.74	104170	94	31.26	1.48	2.3	553.13
706	164	30.1	101157	14.62	101160	14.27	103606	94	31.22	1.49	5.31	594.27
707	164	30.2	101158	14.61	101157	14.27	103885	94	31.3	1.44	4.26	423.47
708	166	30.2	101158	14.2	101161	14.68	103878	94	31.18	1.56	7.28	578.81
709	164	30.2	101156	15.55	101156	14.86	104268	94	31.3	1.46	5.85	490.81
710	164	30.2	101154	14.82	101158	15.2	103521	94	31.38	1.44	10.16	536.22
711	166	30.2	101157	14.66	101158	14.91	103601	94	31.35	1.47	7.69	479.29
712	164	30.2	101159	14.72	101159	14.5	104208	94	31.35	1.43	5.54	456.55
713	167	30.2	101155	15.39	101157	14.37	104157	94	31.31	1.54	4.27	420.67
714	164	30.2	101149	15.0	101161	14.52	103568	94	31.27	1.51	8.26	498.84
715	164	30.3	101162	14.98	101156	14.95	103855	94	31.42	1.53	2.81	574.94
716	167	30.3	101158	14.98	101160	15.14	103647	94	31.42	1.52	7.24	534.92
717	167	30.3	101158	14.91	101158	14.49	103874	94	31.27	1.53	6.6	505.19
718	167	30.2	101154	14.81	101158	15.03	103961	94	31.22	1.53	2.52	425.09
719	166	30.1	101156	14.34	101159	14.63	103572	94	31.27	1.54	7.38	418.5
720	169	30.2	101158	14.75	101162	14.46	103712	94	31.13	1.52	6.95	409.57
721	167	30.2	101158	14.75	101158	15.21	103697	94	31.22	1.52	7.48	455.68
722	165	30.1	101168	14.23	101165	14.2	104104	94	31.27	1.51	5.95	549.79
723	167	30.2	101163	14.45	101159	14.23	103610	94	31.39	1.43	6.38	421.02
724	166	30.2	101162	14.56	101160	14.39	103744	94	31.34	1.48	3.58	529.98
725	167	30.3	101153	14.84	101154	14.56	103822	94	31.35	1.59	5.74	453.04
726	165	30.3	101163	14.92	101156	14.38	103740	94	31.45	1.5	2.51	429.29
727	166	30.2	101157	14.49	101161	14.92	103503	94	31.31	1.52	3.02	510.21
728	169	30.2	101166	14.68	101165	14.65	103562	94	31.34	1.49	7.74	445.27
729	164	30.2	101157	14.78	101165	14.46	104168	94	31.35	1.45	3.82	485.42
730	167	30.2	101156	14.84	101159	14.83	104139	94	31.23	1.53	2.21	416.64
731	164	30.3	101156	15.0	101160	14.42	103581	94	31.14	1.51	10.21	606.94
732	165	30.2	101164	14.66	101163	14.1	103929	94	31.31	1.48	4.03	443.9
733	168	30.2	101160	14.25	101161	14.63	104245	94	31.33	1.59	8.0	510.05
734	165	30.2	101163	14.42	101161	14.19	104104	94	31.19	1.55	7.93	516.8
735	168	30.2	101156	14.88	101160	14.6	103527	94	31.28	1.46	5.53	523.85
736	165	30.2	101164	14.4	101161	14.06	103707	94	31.27	1.53	9.23	576.01
737	165	30.2	101150	14.53	101161	14.47	103811	94	31.24	1.47	2.22	526.1
738	168	30.2	101165	14.85	101157	14.83	103996	94	31.25	1.46	7.27	569.18
739	165	30.2	101161	14.68	101158	15.24	103543	94	31.39	1.52	3.83	454.52
740	168	30.1	101164	14.9	101166	14.45	103844	94	31.31	1.59	1.0	422.52
741	166	30.3	101162	14.48	101158	14.76	103807	94	31.18	1.5	2.4	577.53
742	167	30.2	101162	14.46	101164	14.87	104122	94	31.24	1.47	7.94	536.89
743	174	30.3	101161	14.46	101165	14.12	103380	93	31.27	1.47	9.01	426.06
744	169	30.3	101161	14.27	101160	14.72	103714	94	31.21	1.53	4.23	552.03
745	166	30.1	101155	14.27	101162	14.31	103550	94	31.25	1.45	7.32	574.06
746	169	30.2	101163	14.72	101157	14.58	103668	94	31.36	1.49	5.79	446.4
747	165	30.3	101165	14.35	101164	14.58	103262	93	31.22	1.47	9.39	539.5
748	169	30.2	101156	15.12	101157	14.91	103629	94	31.22	1.43	2.76	446.56
749	166	30.2	101159	14.49	101160	14.58	103839	94	31.35	1.61	2.99	447.83
750	166	30.2	101160	14.95	101158	14.63	103941	94	31.28	1.61	6.85	526.9
751	169	30.2	101156	14.91	101158	14.52	103503	94	31.23	1.48	4.62	477.0
752	172	30.2	101154	14.91	101160	14.07	103917	94	31.13	1.55	5.02	606.04
753	166	30.3	101156	14.75	101156	14.84	103904	94	31.25	1.46	2.09	496.11
754	169	30.3	101146	14.67	101149	15.7	104013	94	31.25	1.53	1.47	528.03
755	166	30.3	101161	14.78	101158	14.63	103535	94	31.46	1.51	9.14	548.34
756	168	30.1	101161	14.44	101157	14.64	103590	94	31.28	1.49	4.72	577.48
757	168	30.2	101158	14.66	101159	14.71	103644	94	31.27	1.59	2.74	548.49
758	166	30.2	101149	14.77	101153	14.7	103516	94	31.27	1.53	3.19	501.51
759	168	30.2	101156	14.7	101164	14.39	103506	94	31.23	1.55	9.98	466.74
760	170	30.2	101157	14.65	101159	14.96	103258	93	31.44	1.5	4.71	573.67
761	168	30.2	101157	14.63	101158	14.45	103799	94	31.33	1.53	3.5	520.73
762	166	30.2	101161	14.74	101157	14.91	103858	94	31.3	1.46	5.67	588.0
763	168	30.2	101161	14.62	101160	14.34	103046	93	31.26	1.55	8.22	511.25
764	169	30.1	101161	14.66	101157	14.42	103214	93	31.3	1.46	9.33	614.1
765	167	30.2	101162	14.75	101156	14.61	103551	94	31.32	1.57	6.13	419.22
766	167	30.3	101159	14.57	101162	14.62	103814	94	31.25	1.44	7.04	532.54
767	172	30.2	101160	14.78	101157	14.72	103230	93	31.27	1.51	6.41	464.57
768	170	30.2	101164	13.97	101162	14.69	103313	93	31.27	1.47	7.64	443.53
769	172	30.3	101161	13.99	101165	14.5	103796	94	31.35	1.55	3.12	420.68
770	168	30.3	101158	14.33	101160	14.99	103962	94	31.29	1.51	7.63	541.98
771	168	30.2	101158	15.04	101157	14.46	103506	94	31.25	1.56	9.1	578.19
772	172	30.1	101164	14.14	101162	14.29	103713	94	31.27	1.51	7.81	608.04
773	172	30.3	101159	13.84	101167	13.95	103680	94	31.33	1.59	6.48	515.15
774	171	30.3	101164	14.35	101162	14.57	103954	94	31.36	1.53	2.89	591.35
775	174	30.2	101164	14.41	101163	14.74	103531	94	31.27	1.5	9.24	441.52
776	170	30.2	101162	14.37	101159	14.96	103612	94	31.3	1.45	8.97	495.68
777	169	30.2	101155	14.45	101156	14.92	103776	94	31.28	1.59	8.14	540.66
778	169	30.2	101160	14.83	101161	14.76	103870	94	31.24	1.44	6.3	494.78
779	171	30.2	101160	14.53	101159	14.91	103375	93	31.46	1.51	4.76	569.24
780	169	30.2	101161	14.46	101164	14.61	103765	94	31.18	1.49	10.08	490.44
781	171	30.2	101161	14.27	101163	14.56	103775	94	31.27	1.47	3.55	565.61
782	172	30.2	101165	14.89	101160	14.47	103832	94	31.26	1.46	8.0	464.37
783	170	30.3	101162	14.6	101163	14.37	103183	93	31.16	1.49	3.49	534.42
784	170	30.2	101158	14.41	101156	14.79	103694	94	31.3	1.53	12.94	433.04
785	170	30.2	101160	14.61	101153	14.72	103537	94	31.27	1.46	9.36	481.24
786	170	30.1	101159	14.41	101157	15.05	103346	93	31.26	1.49	4.03	582.2
787	172	30.3	101164	14.26	101163	14.12	103221	93	31.3	1.47	1.62	600.19
788	172	30.1	101160	14.28	101163	14.17	103766	94	31.51	1.57	7.26	435.45
789	173	30.2	101158	14.37	101155	14.25	103434	94	31.19	1.52	4.32	604.56
790	184	30.3	101157	14.89	101165	14.29	104194	94	31.45	1.51	7.87	592.61
791	179	30.2	101166	14.42	101157	14.59	103633	94	31.23	1.59	8.8	615.75
792	198	30.2	101163	14.68	101155	14.89	103933	94	31.3	1.54	3.63	435.87
793	186	30.2	101160	14.84	101161	14.51	103585	94	31.22	1.61	9.03	549.89
794	181	30.2	101162	14.71	101166	14.54	103729	94	31.45	1.48	8.21	601.88
795	179	30.2	101155	14.56	101154	14.83	103588	94	31.28	1.49	4.84	462.3
796	176	30.3	101154	15.07	101157	14.67	103421	94	31.39	1.59	2.31	530.27
797	177	30.1	101161	14.96	101159	14.58	103557	94	31.32	1.47	4.64	429.35
798	182	30.2	101160	14.43	101158	14.84	103962	94	31.28	1.6	3.92	447.53
799	179	30.1	101166	14.36	101164	14.29	103338	93	31.31	1.54	2.67	554.67
800	180	30.2	101157	15.07	101159	14.77	103890	94	31.3	1.46	8.74	444.48
801	174	30.1	101157	15.25	101157	14.48	103548	94	31.36	1.59	9.58	562.59
802	176	30.3	101148	14.34	101162	14.81	103354	93	31.4	1.52	2.33	557.74
803	176	30.2	101156	14.88	101156	15.38	103486	94	31.41	1.54	6.78	464.6
804	176	30.3	101154	14.59	101153	14.91	103865	94	31.39	1.55	7.89	473.61
805	176	30.4	101161	14.82	101158	14.68	103837	94	31.25	1.55	7.28	460.82
806	174	30.3	101159	15.03	101158	14.52	103340	93	31.27	1.48	4.75	502.81
807	175	30.1	101156	15.05	101159	14.78	103489	94	31.32	1.56	2.38	439.8
808	175	30.2	101157	15.28	101153	15.37	103957	94	31.35	1.56	6.25	418.14
809	174	30.3	101160	14.42	101156	14.47	103791	94	31.41	1.46	11.08	471.64
810	174	30.3	101159	15.05	101157	14.56	103738	94	31.27	1.53	6.57	504.81
811	169	30.3	101169	13.93	101163	14.19	104118	94	31.5	1.59	5.76	439.38
812	171	30.1	101157	13.97	101163	14.49	103233	93	31.37	1.6	9.42	415.8
813	171	30.2	101162	14.79	101164	14.49	103098	93	31.37	1.53	11.53	488.55
814	170	30.2	101162	14.16	101160	14.95	103522	94	31.5	1.55	9.94	501.55
815	172	30.2	101159	14.87	101158	14.22	103075	93	31.22	1.54	6.84	501.66
816	171	30.1	101161	14.41	101161	14.92	102664	93	31.24	1.46	3.41	505.45
817	173	30.2	101161	14.51	101161	14.78	103147	93	31.18	1.51	3.12	584.69
818	173	30.2	101154	14.92	101157	14.51	103196	93	31.23	1.59	7.19	559.44
819	171	30.3	101155	14.62	101161	14.9	102951	93	31.33	1.58	9.51	479.07
820	172	30.1	101147	15.53	101158	15.05	103426	94	31.41	1.51	6.16	423.31
821	172	30.3	101163	14.19	101160	14.2	103349	93	31.29	1.48	7.05	557.64
822	171	30.3	101159	15.03	101157	14.47	103593	94	31.37	1.55	7.79	422.96
823	170	30.4	101155	14.32	101159	14.74	103608	94	31.27	1.6	3.9	614.11
824	169	30.2	101155	14.76	101161	14.6	103465	94	31.43	1.6	5.77	440.21
825	170	30.3	101164	14.17	101163	14.26	103867	94	31.39	1.5	9.46	519.73
826	171	30.3	101166	14.32	101165	14.18	103525	94	31.33	1.52	9.67	442.95
827	168	30.4	101163	13.87	101167	14.0	103825	94	31.41	1.61	9.01	483.94
828	168	30.4	101159	13.91	101166	14.21	103393	93	31.3	1.45	2.79	544.6
829	171	30.2	101166	14.41	101160	14.34	104177	94	31.22	1.63	4.2	522.5
830	169	30.3	101169	14.19	101170	14.15	103778	94	31.33	1.57	5.16	467.9
831	168	30.3	101166	14.37	101163	14.93	103810	94	31.27	1.58	4.75	489.14
832	168	30.3	101165	14.16	101162	14.52	104364	94	31.34	1.51	2.65	426.75
833	173	30.3	101161	14.47	101162	14.63	103723	94	31.35	1.48	5.32	502.08
834	167	30.3	101158	14.69	101149	14.86	103830	94	31.44	1.6	6.63	462.23
835	168	30.4	101161	14.54	101156	14.81	103792	94	31.36	1.56	7.79	609.97
836	167	30.3	101157	14.55	101161	15.58	104301	94	31.27	1.56	9.98	549.21
837	167	30.4	101157	15.26	101157	14.97	103451	94	31.43	1.58	10.11	423.5
838	167	30.3	101160	14.7	101159	14.77	104033	94	31.41	1.62	1.61	447.32
839	170	30.3	101161	14.85	101159	14.72	103852	94	31.24	1.53	5.25	542.55
840	166	30.3	101158	15.12	101154	14.86	104024	94	31.22	1.54	11.43	532.24
841	172	30.4	101159	14.72	101157	14.51	103243	93	31.28	1.55	3.71	430.13
842	164	30.2	101169	14.35	101159	14.74	103770	94	31.25	1.5	10.86	604.75
843	165	30.2	101152	15.61	101148	15.16	103924	94	31.45	1.59	2.45	422.96
844	169	30.3	101157	15.48	101154	15.02	103316	93	31.29	1.51	9.6	499.83
845	167	30.3	101156	15.38	101156	14.91	102873	93	31.31	1.47	5.73	460.42
846	166	30.3	101146	15.08	101146	15.62	102989	93	31.27	1.51	13.69	538.39
847	168	30.3	101148	14.77	101153	15.2	103303	93	31.37	1.47	7.5	486.87
848	166	30.3	101149	15.5	101153	14.8	103274	93	31.27	1.61	4.18	532.0
849	167	30.3	101147	15.17	101156	15.13	103426	94	31.34	1.52	9.21	570.67
850	166	30.3	101156	14.95	101162	14.62	103672	94	31.26	1.59	6.82	478.75
851	166	30.2	101153	15.52	101150	15.02	103909	94	31.22	1.49	6.23	525.02
852	165	30.3	101163	14.83	101160	15.43	103229	93	31.39	1.43	7.22	488.14
853	165	30.3	101156	15.43	101154	15.07	103500	94	31.18	1.49	6.6	563.56
854	165	30.3	101148	15.42	101150	15.51	103774	94	31.19	1.58	7.06	498.29
855	166	30.4	101160	14.77	101160	14.94	103980	94	31.2	1.55	14.9	567.43
856	164	30.3	101153	15.02	101154	15.76	103967	94	31.32	1.61	4.62	555.51
857	170	30.3	101159	14.67	101150	15.38	103556	94	31.18	1.62	9.61	547.47
858	165	30.3	101144	15.26	101156	14.77	103620	94	31.22	1.48	8.61	509.22
859	164	30.2	101160	15.02	101149	14.93	103904	94	31.22	1.46	6.66	432.79
860	164	30.3	101152	15.42	101158	14.74	104036	94	31.35	1.51	7.51	528.61
861	164	30.3	101155	14.73	101149	14.92	103445	94	31.23	1.6	6.13	534.62
862	164	30.2	101154	15.49	101158	15.6	104049	94	31.46	1.51	9.05	420.76
863	165	30.4	101155	15.68	101156	15.09	104376	94	31.28	1.46	2.9	548.08
864	165	30.3	101157	14.91	101162	14.97	103513	94	31.27	1.49	7.15	511.93
865	164	30.3	101156	14.81	101157	14.74	103569	94	31.27	1.51	6.29	568.96
866	169	30.3	101153	15.49	101158	15.05	103869	94	31.27	1.59	3.69	601.7
867	168	30.3	101155	15.02	101151	14.84	104158	94	31.41	1.53	4.98	493.19
868	166	30.3	101151	15.33	101154	15.72	103573	94	31.38	1.58	1.13	473.18
869	165	30.3	101147	15.66	101157	14.79	103321	93	31.29	1.6	9.62	593.41
870	167	30.4	101154	15.62	101150	15.39	103776	94	31.26	1.57	5.95	547.69
871	167	30.4	101155	15.45	101151	15.57	103832	94	31.39	1.5	5.21	589.78
872	165	30.3	101148	15.65	101146	15.75	103021	93	31.46	1.6	2.04	568.91
873	168	30.3	101154	15.06	101153	15.23	103321	93	31.27	1.58	5.54	490.06
874	166	30.4	101148	15.53	101154	14.97	103834	94	31.44	1.55	6.27	505.13
875	168	30.3	101155	14.95	101162	14.75	104051	94	31.27	1.49	6.9	524.32
876	166	30.3	101158	14.82	101161	14.84	103425	94	31.22	1.56	5.8	438.72
877	166	30.3	101160	14.58	101154	14.99	103358	93	31.27	1.53	7.36	466.69
878	167	30.2	101157	14.82	101156	15.57	103968	94	31.33	1.47	4.46	515.77
879	168	30.3	101147	15.41	101157	14.69	103900	94	31.13	1.49	4.25	606.95
880	167	30.3	101158	14.81	101152	15.46	103036	93	31.39	1.5	5.94	424.07
881	170	30.2	101149	15.52	101149	14.9	103824	94	31.51	1.56	10.32	431.63
882	169	30.3	101156	15.42	101149	15.63	103508	94	31.22	1.58	3.8	580.94
883	167	30.2	101149	14.88	101156	14.73	104113	94	31.32	1.56	7.47	537.22
884	166	30.4	101157	14.79	101156	14.41	103306	93	31.27	1.57	6.0	541.37
885	166	30.3	101160	14.84	101159	14.33	103602	94	31.18	1.45	3.14	612.21
886	167	30.4	101159	14.38	101161	15.05	103439	94	31.33	1.58	11.41	459.42
887	167	30.3	101155	14.97	101161	15.05	103098	93	31.35	1.47	4.39	453.62
888	168	30.3	101155	14.94	101158	14.85	102913	93	31.28	1.45	2.2	431.59
889	167	30.3	101155	15.04	101153	15.01	103412	94	31.27	1.5	3.18	431.49
890	169	30.3	101154	15.05	101149	15.54	103344	93	31.27	1.5	10.82	544.96
891	169	30.2	101157	14.81	101159	14.86	102818	93	31.34	1.61	5.05	425.82
892	167	30.3	101162	14.4	101159	14.54	103050	93	31.35	1.59	1.52	509.81
893	170	30.3	101157	15.4	101150	14.94	103330	93	31.33	1.51	3.05	506.86
894	169	30.3	101155	14.82	101158	14.4	103586	94	31.34	1.46	4.34	522.11
895	168	30.3	101145	15.17	101157	15.01	102628	93	31.37	1.45	4.8	520.35
896	170	30.3	101157	14.54	101157	14.72	103116	93	31.24	1.46	6.74	524.36
897	170	30.3	101155	14.63	101160	14.58	102897	93	31.38	1.47	8.51	597.47
898	168	30.3	101155	14.73	101156	14.96	103012	93	31.36	1.56	2.16	475.63
899	168	30.3	101155	14.97	101165	14.84	102349	93	31.22	1.56	5.69	526.92
900	170	30.3	101155	15.0	101156	14.16	102724	93	31.45	1.58	1.81	593.77
901	168	30.3	101164	15.01	101159	14.57	102536	93	31.28	1.56	9.1	606.96
902	170	30.3	101149	14.8	101156	15.42	102674	93	31.22	1.54	4.81	588.07
903	168	30.3	101160	15.34	101162	14.96	102529	93	31.18	1.57	6.06	520.56
904	169	30.4	101153	15.76	101154	14.94	102421	93	31.28	1.58	2.72	542.37
905	170	30.3	101149	15.57	101145	15.55	102804	93	31.32	1.46	8.27	466.61
906	168	30.4	101158	14.93	101147	15.03	102138	92	31.4	1.59	5.81	442.71
907	173	30.3	101155	14.67	101155	15.13	102205	92	31.33	1.62	2.55	562.51
908	179	30.2	101154	15.43	101156	14.24	102519	93	31.43	1.51	2.56	429.38
909	174	30.4	101153	15.02	101154	14.72	102425	93	31.39	1.62	9.09	624.81
910	175	30.3	101158	14.37	101154	15.46	102410	93	31.28	1.5	12.06	444.68
911	174	30.3	101150	14.85	101150	14.38	101845	92	31.46	1.59	7.54	545.02
912	174	30.3	101154	15.7	101158	14.8	102316	93	31.38	1.48	5.51	477.66
913	176	30.3	101155	14.72	101159	14.05	102428	93	31.33	1.49	4.53	503.94
914	174	30.3	101158	15.02	101150	14.91	102017	92	31.33	1.59	1.23	504.86
915	173	30.3	101160	14.85	101156	14.96	102339	93	31.29	1.48	9.8	523.05
916	173	30.3	101156	14.97	101152	14.74	102439	93	31.41	1.55	5.09	480.02
917	174	30.2	101162	14.52	101144	15.0	102748	93	31.35	1.52	2.87	528.99
918	177	30.3	101157	14.95	101160	15.0	102517	93	31.38	1.51	1.73	433.96
919	172	30.3	101158	14.83	101156	14.61	102380	93	31.36	1.54	4.69	589.97
920	172	30.3	101157	14.9	101157	14.51	102687	93	31.46	1.6	5.78	596.13
921	171	30.3	101158	14.24	101164	14.74	102694	93	31.39	1.59	4.06	464.22
922	172	30.3	101158	14.96	101162	14.51	102380	93	31.55	1.5	3.65	616.34
923	172	30.2	101162	14.48	101156	14.96	102478	93	31.4	1.52	5.53	610.25
924	172	30.4	101157	15.38	101158	14.94	102866	93	31.24	1.57	7.9	526.85
925	172	30.3	101157	14.37	101163	14.79	102441	93	31.32	1.55	4.55	518.65
926	175	30.3	101159	14.6	101161	14.94	102426	93	31.22	1.53	5.28	468.33
927	174	30.4	101157	14.78	101165	14.34	102010	92	31.28	1.61	9.53	617.4
928	172	30.3	101159	15.55	101164	14.54	102364	93	31.34	1.5	8.59	455.29
929	172	30.3	101150	14.6	101159	14.59	102613	93	31.24	1.46	5.31	601.39
930	175	30.3	101154	14.86	101150	14.91	102202	92	31.25	1.51	7.56	486.84
931	173	30.3	101161	14.5	101160	15.45	102414	93	31.38	1.62	2.62	570.77
932	174	30.3	101161	14.86	101155	14.7	102323	93	31.25	1.49	7.6	539.31
933	176	30.3	101150	14.34	101163	14.56	102598	93	31.37	1.5	4.69	477.32
934	172	30.3	101165	14.52	101163	14.15	102598	93	31.39	1.49	6.34	470.62
935	174	30.4	101165	14.62	101155	15.06	102717	93	31.35	1.56	3.68	537.54
936	179	30.3	101157	14.64	101160	14.86	102747	93	31.26	1.47	7.37	559.33
937	178	30.2	101161	14.64	101155	14.69	103118	93	31.43	1.51	6.22	517.05
938	173	30.3	101159	14.53	101156	15.04	102382	93	31.29	1.52	3.04	540.83
939	176	30.3	101158	14.57	101156	15.07	102455	93	31.3	1.6	5.74	534.55
940	173	30.4	101158	14.76	101161	14.41	102773	93	31.32	1.6	3.54	572.82
941	176	30.2	101163	14.69	101159	14.83	102815	93	31.47	1.55	8.43	577.0
942	176	30.3	101158	14.84	101162	14.68	102249	92	31.42	1.5	8.38	517.56
943	178	30.2	101157	14.86	101155	14.79	102583	93	31.22	1.47	7.12	476.79
944	174	30.4	101161	14.51	101160	14.65	103035	93	31.32	1.61	5.83	596.56
945	172	30.3	101157	14.77	101159	14.63	102531	93	31.3	1.51	9.88	433.98
946	171	30.2	101163	14.91	101156	14.78	102457	93	31.22	1.49	3.49	434.82
947	179	30.3	101159	14.94	101158	15.03	102872	93	31.31	1.58	6.51	618.53
948	171	30.3	101160	14.86	101160	14.81	102916	93	31.22	1.6	2.07	494.58
949	171	30.3	101167	14.42	101161	14.24	102426	93	31.22	1.45	5.04	522.22
950	175	30.3	101163	14.4	101156	14.8	102867	93	31.31	1.62	5.62	469.42
951	175	30.3	101160	14.6	101157	14.55	103349	93	31.37	1.47	2.02	563.17
952	173	30.3	101162	14.5	101160	14.67	103572	94	31.36	1.58	6.32	495.98
953	171	30.3	101159	15.44	101157	14.95	102947	93	31.32	1.57	4.84	453.11
954	172	30.3	101157	14.71	101156	15.11	103231	93	31.22	1.53	4.44	499.97
955	172	30.2	101161	14.47	101155	14.86	103200	93	31.38	1.52	3.48	426.96
956	172	30.2	101160	14.66	101155	15.04	103367	93	31.23	1.61	4.35	626.1
957	172	30.3	101158	14.82	101158	14.82	103166	93	31.46	1.59	5.59	535.45
958	172	30.3	101163	14.42	101158	14.6	103072	93	31.22	1.53	9.56	538.2
959	175	30.3	101155	15.9	101160	14.79	103378	93	31.47	1.51	2.74	552.22
960	176	30.3	101161	14.48	101161	14.87	103054	93	31.36	1.62	4.71	490.36
961	175	30.3	101158	15.11	101159	14.43	102861	93	31.37	1.62	8.17	614.56
962	175	30.3	101155	15.46	101161	14.83	103507	94	31.47	1.6	6.39	503.29
963	174	30.3	101145	16.21	101149	14.8	103423	94	31.41	1.49	8.06	507.39
964	178	30.4	101158	15.11	101158	14.91	102862	93	31.27	1.48	2.66	592.48
965	175	30.2	101160	15.27	101155	15.45	103043	93	31.3	1.49	4.04	517.13
966	173	30.3	101145	15.45	101153	14.61	103463	94	31.18	1.55	6.59	452.3
967	177	30.3	101160	15.43	101160	14.86	103685	94	31.24	1.48	7.27	517.9
968	170	30.3	101156	14.81	101155	14.76	102785	93	31.33	1.59	4.75	567.97
969	169	30.4	101155	14.73	101140	15.53	103129	93	31.24	1.52	0.81	610.91
970	171	30.4	101158	14.36	101165	15.18	103261	93	31.18	1.59	2.32	434.79
971	171	30.4	101156	15.58	101155	14.82	103489	94	31.37	1.61	4.06	498.95
972	169	30.3	101146	15.62	101147	14.98	103070	93	31.27	1.61	5.92	607.35
973	171	30.2	101147	15.03	101157	14.48	103032	93	31.28	1.6	6.15	584.19
974	176	30.3	101157	14.18	101159	15.37	103335	93	31.34	1.56	9.27	602.46
975	169	30.3	101159	15.58	101156	14.58	103200	93	31.37	1.56	4.97	549.57
976	169	30.3	101161	15.88	101156	15.03	102795	93	31.46	1.52	10.37	443.89
977	169	30.3	101156	15.42	101157	14.64	103261	93	31.25	1.6	7.78	573.88
978	170	30.3	101159	14.7	101163	15.03	103504	94	31.3	1.61	8.69	490.1
979	172	30.3	101159	14.86	101152	14.79	103116	93	31.37	1.48	9.57	489.46
980	169	30.3	101162	15.06	101160	14.56	102909	93	31.49	1.57	6.39	451.31
981	171	30.3	101158	14.51	101156	14.8	103593	94	31.22	1.48	8.34	519.17
982	172	30.3	101156	14.92	101155	15.6	103508	94	31.46	1.58	6.76	456.38
983	172	30.3	101157	15.09	101151	14.82	103100	93	31.3	1.47	4.04	516.5
984	171	30.3	101164	14.46	101161	14.67	103327	93	31.45	1.5	1.19	510.34
985	170	30.2	101156	15.34	101163	14.49	103290	93	31.27	1.53	2.8	577.35
986	171	30.3	101158	15.4	101155	14.72	103616	94	31.22	1.49	8.78	621.33
987	169	30.3	101149	15.74	101146	14.88	102747	93	31.28	1.52	5.2	583.77
988	167	30.3	101153	14.78	101149	14.73	103081	93	31.27	1.47	8.48	531.77
989	168	30.4	101155	15.61	101148	15.15	103104	93	31.18	1.59	2.75	584.71
990	169	30.3	101160	15.56	101147	15.34	103309	93	31.46	1.6	2.88	534.76
991	172	30.3	101147	15.44	101151	15.3	102698	93	31.29	1.62	8.09	625.21
992	167	30.4	101156	14.75	101160	15.27	103553	94	31.39	1.58	8.12	518.31
993	169	30.2	101158	14.52	101150	15.67	103374	93	31.27	1.52	10.45	629.54
994	167	30.4	101149	15.84	101146	15.62	103033	93	31.38	1.53	2.17	485.64
995	168	30.3	101148	14.93	101155	15.69	103071	93	31.08	1.59	7.15	490.63
996	167	30.3	101150	14.62	101151	14.87	102950	93	31.27	1.62	9.58	617.97
997	167	30.4	101159	15.35	101156	15.03	103422	94	31.27	1.58	3.7	466.36
998	169	30.3	101158	15.28	101157	14.78	103182	93	31.36	1.57	10.42	584.61
999	176	30.4	101150	15.49	101151	15.53	102762	93	31.27	1.59	8.24	525.31
1000	171	30.3	101151	14.47	101148	15.62	103335	93	31.5	1.47	4.04	568.31
