1	197	27.3	100846	40.79	100838	40.54	100631	91	28.32	1.27	0.99	357.23
2	198	27.4	100852	39.62	100839	40.13	100760	91	28.32	1.29	0.47	357.13
3	196	27.4	100839	40.79	100836	40.54	100742	91	28.27	1.28	1.28	357.1
4	199	27.4	100845	40.63	100844	40.13	100740	91	28.32	1.27	1.2	357.04
5	196	27.4	100836	39.79	100846	40.04	100793	91	28.36	1.3	0.56	357.07
6	199	27.5	100843	39.96	100837	40.96	100569	91	28.36	1.28	1.09	356.91
7	198	27.5	100844	40.13	100843	40.13	100649	91	28.41	1.28	2.12	356.68
8	197	27.5	100844	39.79	100844	39.79	100535	91	28.36	1.27	2.49	356.94
9	196	27.5	100848	40.63	100844	40.54	100793	91	28.27	1.29	1.93	357.2
10	198	27.5	100837	40.63	100845	40.04	100729	91	28.27	1.24	4.45	357.87
11	201	27.5	100844	40.04	100838	40.79	100541	91	28.36	1.26	2.24	357.46
12	197	27.5	100847	40.13	100845	39.79	100488	91	28.32	1.28	0.45	357.46
13	196	27.5	100847	39.71	100848	39.96	100581	91	28.32	1.28	1.28	357.55
14	197	27.5	100838	39.71	100846	40.71	100688	91	28.32	1.29	0.47	357.42
15	196	27.5	100849	39.54	100849	39.12	100726	91	28.32	1.26	1.11	357.4
16	198	27.5	100856	39.96	100846	40.04	100614	91	28.32	1.28	3.33	356.96
17	197	27.5	100838	40.71	100845	39.46	100531	91	28.32	1.29	3.16	356.57
18	196	27.5	100847	40.04	100846	40.71	100461	91	28.36	1.28	1.13	356.59
19	196	27.5	100844	40.04	100848	39.96	100531	91	28.32	1.3	5.9	356.06
20	198	27.5	100848	40.79	100844	39.96	100521	91	28.36	1.28	2.57	355.77
21	196	27.5	100846	40.54	100848	40.13	100539	91	28.36	1.28	0.7	355.68
22	196	27.5	100847	40.13	100844	40.13	100461	91	28.36	1.27	1.25	355.56
23	200	27.5	100845	40.54	100844	39.87	100289	91	28.27	1.27	0.67	355.48
24	197	27.5	100850	40.13	100849	40.04	100214	91	28.36	1.28	1.3	355.54
25	196	27.5	100843	40.71	100836	40.21	100323	91	28.27	1.3	2.07	355.37
26	196	27.5	100838	40.13	100839	40.88	100528	91	28.36	1.28	0.98	355.22
27	201	27.5	100848	40.21	100845	40.04	100571	91	28.32	1.29	1.56	355.45
28	196	27.5	100845	40.13	100838	39.96	100363	91	28.22	1.29	3.5	354.97
29	195	27.5	100850	39.62	100847	40.04	100450	91	28.41	1.28	1.81	354.81
30	196	27.5	100845	40.71	100847	39.87	100566	91	28.32	1.27	5.3	354.55
31	196	27.5	100845	39.79	100847	39.71	100620	91	28.36	1.28	1.17	354.4
32	196	27.5	100846	40.13	100847	40.13	100390	91	28.32	1.29	1.17	354.57
33	196	27.5	100844	39.87	100847	40.13	100396	91	28.32	1.28	1.22	354.52
34	196	27.5	100844	40.13	100845	40.63	100374	91	28.32	1.28	1.95	354.47
35	195	27.5	100844	40.63	100839	40.63	100425	91	28.32	1.27	2.56	354.42
36	200	27.5	100838	40.79	100836	40.21	100157	91	28.41	1.28	0.98	354.3
37	196	27.5	100839	39.79	100851	40.13	100260	91	28.22	1.29	0.44	354.26
38	197	27.5	100848	39.87	100844	40.13	100374	91	28.32	1.28	1.72	354.36
39	199	27.5	100843	40.54	100836	39.54	100460	91	28.32	1.28	0.37	354.34
40	196	27.5	100845	40.21	100843	40.13	100304	91	28.32	1.28	3.03	354.05
41	198	27.5	100837	40.13	100847	39.71	100276	91	28.32	1.34	4.53	353.35
42	196	27.5	100845	40.54	100839	40.54	100453	91	28.27	1.3	1.23	353.54
43	196	27.5	100844	40.13	100839	39.54	100430	91	28.36	1.29	1.36	353.54
44	197	27.5	100850	39.96	100843	40.54	100240	91	28.46	1.29	2.11	353.54
45	196	27.5	100844	39.96	100845	39.79	100196	91	28.36	1.3	0.51	353.63
46	196	27.5	100848	39.54	100850	39.96	100277	91	28.27	1.27	0.86	353.5
47	196	27.5	100848	39.21	100847	40.71	100430	91	28.36	1.27	1.71	353.52
48	199	27.5	100849	39.54	100849	39.87	100632	91	28.27	1.27	0.95	353.5
49	198	27.6	100851	39.54	100848	40.13	100384	91	28.36	1.28	0.52	353.54
50	198	27.6	100856	40.13	100845	39.96	100341	91	28.36	1.31	2.48	353.23
51	196	27.6	100845	40.13	100844	40.04	100451	91	28.36	1.3	0.91	353.37
52	199	27.5	100843	40.13	100850	39.79	100658	91	28.41	1.27	0.43	353.36
53	196	27.6	100846	40.71	100847	39.87	100685	91	28.41	1.28	0.52	353.4
54	196	27.6	100845	40.13	100845	40.54	100727	91	28.41	1.29	1.04	353.6
55	196	27.5	100839	40.13	100844	40.71	100612	91	28.41	1.29	0.55	353.55
56	196	27.6	100846	40.04	100844	40.04	100627	91	28.41	1.29	1.1	353.6
57	199	27.6	100839	39.79	100839	40.54	100632	91	28.32	1.29	0.45	353.58
58	196	27.6	100844	39.87	100845	40.21	100585	91	28.27	1.29	1.52	353.68
59	197	27.6	100848	39.37	100848	39.87	100458	91	28.41	1.27	2.82	353.91
60	196	27.6	100844	40.13	100845	40.13	100202	91	28.41	1.28	1.28	353.92
61	199	27.6	100848	40.04	100839	39.87	100241	91	28.36	1.28	1.51	354.02
62	196	27.6	100844	40.04	100847	40.04	100274	91	28.41	1.29	0.77	354.14
63	196	27.6	100844	39.87	100848	39.71	100368	91	28.41	1.29	1.22	354.02
64	196	27.6	100847	39.54	100836	39.54	100119	91	28.32	1.28	3.1	353.63
65	198	27.6	100836	39.87	100839	40.21	100145	91	28.41	1.29	1.31	353.73
66	196	27.6	100844	39.87	100849	39.87	100207	91	28.36	1.29	1.96	353.8
67	195	27.6	100844	39.62	100848	40.13	100354	91	28.41	1.28	0.39	353.87
68	197	27.6	100845	40.21	100844	40.13	100492	91	28.32	1.31	5.11	353.68
69	196	27.6	100843	40.04	100839	40.21	100232	91	28.22	1.27	0.92	353.85
70	197	27.6	100845	40.71	100837	39.79	100389	91	28.46	1.28	0.48	353.94
71	197	27.6	100844	40.71	100848	39.79	100459	91	28.36	1.29	1.88	353.71
72	196	27.6	100839	40.71	100837	39.96	100497	91	28.36	1.29	3.56	353.4
73	198	27.6	100844	40.79	100838	40.79	100425	91	28.36	1.29	1.46	353.36
74	198	27.6	100844	39.96	100847	40.13	100043	90	28.36	1.28	0.57	353.41
75	197	27.6	100837	40.63	100851	39.62	100086	90	28.36	1.28	1.51	353.48
76	196	27.6	100837	40.21	100844	40.13	100047	90	28.36	1.28	1.22	353.46
77	202	27.6	100839	40.71	100844	39.79	100144	91	28.27	1.29	0.48	353.41
78	202	27.6	100848	39.79	100850	39.87	100236	91	28.36	1.28	0.88	353.33
79	196	27.6	100846	39.62	100838	39.87	99915	90	28.32	1.3	1.52	353.5
80	199	27.6	100839	40.13	100846	40.13	99996	90	28.32	1.3	0.47	353.47
81	198	27.6	100843	39.79	100838	39.96	100184	91	28.36	1.27	2.94	353.8
82	196	27.6	100849	39.79	100846	40.13	99733	90	28.36	1.25	8.82	355.18
83	196	27.6	100843	39.79	100839	40.79	98288	89	28.41	1.27	2.28	355.01
84	198	27.6	100850	39.87	100837	40.71	102017	92	28.46	1.25	0.6	354.91
85	196	27.6	100847	39.96	100843	40.13	103505	94	28.36	1.27	3.07	355.07
86	196	27.6	100846	39.71	100847	39.87	104789	95	28.46	1.29	26.88	354.92
87	199	27.6	100847	39.46	100846	39.46	105148	95	28.46	1.29	3.99	354.54
88	192	27.6	100852	39.87	100849	39.87	104060	94	28.36	1.29	4.33	354.24
89	192	27.6	100847	39.96	100844	40.13	103724	94	28.36	1.28	3.42	354.32
90	191	27.6	100847	39.96	100843	40.13	103328	93	28.27	1.27	6.43	353.85
91	192	27.6	100838	40.71	100839	40.13	102344	93	28.41	1.34	1.72	353.63
92	190	27.6	100843	40.71	100839	40.13	102741	93	28.32	1.26	13.93	354.39
93	191	27.6	100847	40.21	100844	40.96	102368	93	28.32	1.29	2.27	354.58
94	190	27.6	100844	40.21	100849	40.54	102707	93	28.41	1.26	3.41	354.8
95	191	27.6	100845	40.13	100839	39.96	101143	91	28.32	1.26	3.3	354.9
96	191	27.6	100838	40.71	100838	40.63	95112	86	28.41	1.29	0.93	354.89
97	191	27.6	100839	40.79	100836	40.71	105771	96	28.46	1.29	4.09	355.47
98	192	27.6	100836	40.71	100837	40.96	105673	96	28.46	1.29	2.5	355.48
99	192	27.6	100837	40.54	100838	39.87	101143	91	28.36	1.28	1.49	355.54
100	194	27.6	100848	39.62	100845	39.46	103995	94	28.41	1.27	2.34	355.75
101	194	27.6	100846	39.96	100839	40.21	102888	93	28.51	1.3	1.38	355.59
102	194	27.6	100844	40.54	100839	40.88	102467	93	28.41	1.26	2.58	355.35
103	198	27.6	100849	40.04	100847	39.87	102557	93	28.41	1.29	1.44	355.06
104	192	27.6	100846	39.87	100847	40.54	102572	93	28.41	1.28	1.3	355.0
105	193	27.6	100847	39.96	100847	40.54	102549	93	28.51	1.29	1.85	354.7
106	193	27.6	100844	40.21	100847	39.71	102520	93	28.41	1.3	4.26	354.21
107	193	27.6	100836	41.13	100833	40.63	102524	93	28.36	1.29	1.17	353.98
108	193	27.6	100844	40.21	100844	40.71	102436	93	28.51	1.28	0.6	354.06
109	193	27.6	100844	40.04	100846	40.71	102544	93	28.51	1.31	2.01	353.73
110	194	27.6	100846	40.63	100838	40.13	102501	93	28.41	1.28	1.4	353.93
111	197	27.6	100835	40.63	100839	39.96	102590	93	28.32	1.28	3.22	353.84
112	194	27.6	100843	40.04	100835	40.54	102480	93	28.46	1.29	0.37	353.88
113	195	27.6	100843	40.13	100846	40.13	102544	93	28.46	1.29	0.66	353.77
114	196	27.6	100836	40.54	100834	40.88	102137	92	28.36	1.28	5.6	354.51
115	197	27.6	100831	40.96	100845	40.13	102045	92	28.36	1.25	11.56	354.97
116	196	27.6	100846	40.13	100838	41.05	102022	92	28.41	1.29	2.54	355.17
117	195	27.6	100834	40.04	100844	40.13	102125	92	28.32	1.27	0.51	355.12
118	196	27.6	100845	40.04	100849	39.96	102065	92	28.41	1.29	2.86	354.87
119	197	27.6	100849	39.71	100844	40.04	102908	93	28.32	1.27	3.65	354.87
120	197	27.6	100848	40.13	100839	39.71	105071	95	28.36	1.31	5.13	355.5
121	196	27.6	100848	40.21	100845	40.13	104627	95	28.36	1.28	1.42	355.26
122	194	27.6	100848	40.13	100844	39.96	103222	93	28.36	1.34	21.98	354.39
123	196	27.6	100839	40.79	100843	39.46	103927	94	28.41	1.28	2.37	354.51
124	197	27.6	100839	41.05	100836	40.21	104326	94	28.41	1.31	40.35	354.57
125	201	27.6	100839	40.71	100839	40.13	104682	95	28.46	1.3	2.18	354.79
126	195	27.6	100847	40.54	100839	39.96	104656	95	28.36	1.3	1.62	354.9
127	195	27.6	100837	40.21	100836	39.96	104741	95	28.36	1.28	1.25	354.75
128	195	27.6	100844	41.13	100844	41.05	104738	95	28.32	1.3	0.59	354.66
129	195	27.7	100837	40.13	100838	40.21	104677	95	28.41	1.28	0.38	354.67
130	196	27.6	100851	40.21	100836	40.71	104538	95	28.46	1.29	1.11	354.81
131	196	27.6	100844	40.04	100839	39.62	104577	95	28.36	1.29	0.49	354.79
132	195	27.6	100850	40.13	100837	40.63	104648	95	28.55	1.28	1.1	354.7
133	198	27.6	100836	41.13	100836	40.54	104525	95	28.51	1.28	0.44	354.67
134	194	27.6	100844	40.13	100847	40.13	104513	95	28.41	1.3	1.59	354.56
135	195	27.7	100849	40.54	100844	40.21	104643	95	28.41	1.28	0.98	354.48
136	195	27.6	100846	40.63	100837	40.79	104579	95	28.46	1.29	0.44	354.37
137	195	27.6	100834	40.13	100838	40.54	104452	94	28.46	1.29	0.78	354.43
138	195	27.7	100844	40.04	100844	41.05	104529	95	28.46	1.28	1.03	354.24
139	195	27.7	100844	40.54	100838	40.63	104591	95	28.36	1.28	0.41	354.23
140	196	27.6	100834	40.71	100839	40.96	104636	95	28.41	1.26	0.27	354.28
141	195	27.7	100843	40.54	100839	40.13	104547	95	28.51	1.29	0.91	354.18
142	195	27.7	100843	39.87	100844	40.54	104544	95	28.46	1.28	2.71	354.0
143	196	27.7	100844	40.13	100839	40.54	104591	95	28.36	1.28	0.85	354.02
144	196	27.7	100847	40.13	100847	40.21	104637	95	28.36	1.31	0.43	353.93
145	196	27.7	100844	39.62	100836	40.71	104598	95	28.51	1.28	1.09	354.08
146	195	27.7	100844	40.13	100833	40.21	104500	95	28.46	1.28	0.24	354.06
147	201	27.7	100844	39.87	100836	40.79	104615	95	28.41	1.28	2.14	354.09
148	198	27.7	100837	40.71	100846	40.79	104591	95	28.41	1.27	0.73	353.98
149	195	27.7	100843	39.87	100844	40.71	104592	95	28.41	1.29	0.43	353.92
150	195	27.7	100839	40.21	100844	39.87	104597	95	28.46	1.28	1.41	353.83
151	194	27.7	100839	40.71	100833	39.87	104464	94	28.46	1.29	1.45	353.69
152	196	27.7	100851	39.87	100850	40.21	104451	94	28.41	1.28	0.89	353.84
153	195	27.7	100836	39.87	100851	40.13	104529	95	28.41	1.28	0.89	353.69
154	195	27.7	100844	40.21	100851	40.13	104551	95	28.41	1.29	1.15	353.5
155	198	27.7	100843	40.13	100845	39.62	104540	95	28.46	1.27	1.47	353.51
156	194	27.7	100839	39.71	100848	39.71	104431	94	28.36	1.29	0.91	353.44
157	198	27.7	100848	40.21	100844	40.13	104529	95	28.51	1.29	0.67	353.53
158	197	27.7	100844	39.87	100846	39.71	104498	94	28.41	1.27	0.9	353.47
159	196	27.7	100850	39.54	100851	39.71	104579	95	28.46	1.28	0.3	353.47
160	194	27.7	100847	40.13	100844	40.13	104625	95	28.51	1.28	0.51	353.57
161	194	27.7	100844	40.04	100838	40.96	104691	95	28.51	1.28	0.7	353.51
162	194	27.7	100838	40.04	100835	40.13	104689	95	28.46	1.28	0.44	353.52
163	194	27.7	100836	40.63	100837	40.63	104765	95	28.46	1.28	0.86	353.5
164	194	27.7	100837	40.96	100837	40.88	104834	95	28.46	1.29	0.65	353.38
165	194	27.7	100844	40.71	100839	40.63	104851	95	28.55	1.28	1.5	353.34
166	195	27.7	100843	40.04	100845	40.04	104700	95	28.46	1.29	0.8	353.21
167	196	27.7	100837	39.96	100844	40.04	104555	95	28.46	1.29	0.25	353.17
168	196	27.7	100843	40.13	100843	40.13	104541	95	28.41	1.29	0.74	353.26
169	196	27.7	100844	39.79	100845	39.79	104496	94	28.41	1.29	1.95	353.06
170	199	27.7	100843	40.63	100846	40.13	104533	95	28.51	1.3	2.08	353.07
171	194	27.7	100848	40.04	100844	39.71	104383	94	28.41	1.28	0.24	353.07
172	194	27.7	100845	39.96	100848	40.63	104346	94	28.46	1.27	0.51	353.0
173	194	27.7	100843	40.13	100848	39.87	104395	94	28.46	1.29	1.2	353.21
174	194	27.7	100849	40.13	100849	39.96	104522	95	28.46	1.28	0.85	353.2
175	194	27.7	100849	40.21	100844	40.63	104510	95	28.41	1.28	1.41	353.19
176	193	27.7	100846	40.21	100839	40.63	104587	95	28.46	1.28	0.7	353.09
177	194	27.7	100844	40.21	100849	40.21	104667	95	28.36	1.28	1.08	353.19
178	199	27.7	100835	40.71	100839	41.3	104714	95	28.36	1.28	0.63	353.25
179	193	27.7	100837	40.21	100837	40.21	104722	95	28.55	1.29	0.63	353.17
180	194	27.7	100844	40.21	100843	40.21	104587	95	28.41	1.3	1.04	353.03
181	196	27.7	100844	40.63	100845	39.96	104455	94	28.41	1.28	1.28	353.16
182	194	27.7	100838	41.05	100839	40.71	104386	94	28.46	1.3	0.54	353.08
183	195	27.7	100838	40.21	100830	40.63	104412	94	28.46	1.29	0.46	353.16
184	194	27.7	100844	40.21	100835	40.63	104328	94	28.36	1.27	0.96	353.28
185	193	27.7	100844	40.54	100844	40.13	104274	94	28.55	1.28	0.5	353.35
186	194	27.7	100832	40.21	100844	40.13	104304	94	28.36	1.29	0.89	353.41
187	194	27.7	100843	40.79	100844	40.04	104212	94	28.41	1.29	1.28	353.41
188	194	27.7	100837	40.63	100839	40.13	104281	94	28.41	1.28	0.31	353.42
189	197	27.7	100843	40.04	100837	40.96	104222	94	28.41	1.27	0.35	353.42
190	195	27.7	100838	41.05	100843	40.63	104199	94	28.36	1.27	1.16	353.29
191	194	27.7	100838	40.21	100837	40.79	104255	94	28.46	1.28	1.14	353.35
192	195	27.7	100835	40.88	100843	40.13	104331	94	28.41	1.28	0.26	353.34
193	198	27.7	100836	40.21	100843	40.54	104285	94	28.41	1.29	0.54	353.25
194	193	27.7	100844	40.21	100835	40.96	104235	94	28.46	1.28	0.83	353.34
195	193	27.7	100832	40.63	100844	40.96	104293	94	28.55	1.3	1.62	353.12
196	194	27.7	100844	39.96	100844	40.13	104251	94	28.46	1.28	0.66	353.15
197	193	27.7	100835	40.54	100837	40.54	104117	94	28.41	1.28	0.43	353.1
198	193	27.7	100851	40.13	100844	40.13	104203	94	28.51	1.28	0.72	353.05
199	194	27.7	100848	40.13	100844	40.13	104282	94	28.46	1.27	2.39	352.99
200	197	27.7	100846	40.63	100838	40.79	104233	94	28.46	1.29	1.22	352.82
201	194	27.7	100844	40.71	100837	40.79	104185	94	28.46	1.28	0.6	352.94
202	193	27.7	100843	41.05	100832	40.13	104225	94	28.36	1.3	5.44	352.29
203	194	27.7	100844	40.21	100843	39.96	104325	94	28.51	1.3	1.73	352.52
204	196	27.7	100844	40.21	100843	39.96	104419	94	28.41	1.29	1.01	352.37
205	193	27.7	100844	40.13	100839	40.13	104440	94	28.51	1.29	1.12	352.21
206	194	27.7	100839	40.71	100836	40.21	104567	95	28.55	1.3	0.74	352.35
207	193	27.7	100844	40.63	100843	40.79	104575	95	28.46	1.29	0.37	352.44
208	193	27.7	100844	40.04	100847	39.96	104666	95	28.46	1.3	0.48	352.43
209	192	27.7	100844	40.63	100837	41.38	104564	95	28.46	1.28	0.93	352.57
210	192	27.7	100838	40.63	100836	40.63	104412	94	28.41	1.28	0.99	352.44
211	192	27.7	100837	40.63	100848	40.13	104247	94	28.46	1.28	0.63	352.47
212	193	27.7	100844	40.13	100844	40.04	104122	94	28.46	1.3	0.74	352.5
213	193	27.7	100843	40.13	100838	39.96	104133	94	28.36	1.28	1.08	352.34
214	193	27.7	100839	40.04	100843	41.13	104196	94	28.46	1.3	0.77	352.31
215	198	27.7	100839	40.54	100846	40.21	104122	94	28.51	1.3	0.58	352.33
216	193	27.7	100846	40.04	100845	39.79	104144	94	28.51	1.29	0.56	352.33
217	197	27.7	100846	40.96	100844	39.96	104122	94	28.41	1.29	1.04	352.32
218	195	27.7	100839	40.13	100844	40.54	104145	94	28.46	1.29	1.14	352.21
219	195	27.7	100844	40.54	100845	39.96	104064	94	28.46	1.28	0.7	352.27
220	192	27.7	100844	40.04	100845	40.13	104107	94	28.41	1.28	1.47	352.25
221	193	27.7	100837	40.54	100844	40.13	104584	95	28.51	1.29	16.91	352.83
222	192	27.7	100835	40.54	100848	39.79	104074	94	28.46	1.25	14.84	352.38
223	206	27.7	100845	40.21	100844	40.13	103925	94	28.41	1.27	18.32	351.7
224	200	27.7	100838	40.63	100846	40.54	103793	94	28.41	1.31	14.77	353.88
225	195	27.7	100843	40.21	100834	40.04	104194	94	28.46	1.28	2.63	353.52
226	196	27.7	100850	40.13	100835	40.54	104040	94	28.46	1.31	8.8	352.36
227	203	27.7	100832	40.63	100839	40.04	104261	94	28.36	1.29	5.69	352.64
228	195	27.7	100843	40.13	100846	40.21	104359	94	28.46	1.22	11.14	354.42
229	195	27.7	100844	39.79	100839	40.21	104438	94	28.41	1.28	3.76	354.07
230	195	27.7	100844	40.04	100843	40.13	104427	94	28.41	1.28	1.2	354.27
231	193	27.7	100838	40.13	100839	40.79	104431	94	28.51	1.28	2.93	354.58
232	194	27.7	100838	40.13	100837	40.96	104373	94	28.36	1.27	1.8	354.79
233	193	27.7	100836	40.04	100844	40.79	104333	94	28.55	1.25	12.35	355.66
234	196	27.7	100839	40.21	100850	40.04	104263	94	28.51	1.24	12.79	353.72
235	194	27.7	100832	40.13	100850	40.71	104266	94	28.36	1.27	1.06	353.77
236	193	27.7	100849	39.79	100845	40.21	104206	94	28.46	1.26	3.53	354.36
237	198	27.7	100844	40.96	100837	40.63	104076	94	28.36	1.24	3.14	354.13
238	192	27.7	100837	39.96	100843	40.63	104066	94	28.36	1.26	1.53	354.23
239	192	27.7	100850	40.13	100844	40.71	104017	94	28.41	1.26	0.74	354.14
240	195	27.7	100832	40.63	100846	40.63	104022	94	28.51	1.26	2.24	354.42
241	192	27.7	100837	40.63	100838	39.87	103642	94	28.36	1.26	6.95	353.68
242	192	27.7	100835	40.79	100836	41.13	103486	94	28.41	1.29	4.16	353.48
243	194	27.7	100838	40.21	100838	40.13	104005	94	28.41	1.28	1.14	353.64
244	199	27.7	100847	40.13	100833	40.71	103508	94	28.41	1.27	0.41	353.58
245	201	27.7	100845	40.63	100847	40.21	103422	94	28.51	1.28	6.73	354.08
246	195	27.7	100847	40.54	100843	40.63	102982	93	28.41	1.27	7.15	353.43
247	195	27.7	100837	40.54	100845	39.87	103435	94	28.51	1.28	3.23	353.94
248	195	27.7	100848	40.54	100848	39.96	103568	94	28.46	1.28	1.25	354.11
249	196	27.7	100854	40.13	100848	39.79	103604	94	28.46	1.28	1.83	353.82
250	196	27.8	100849	40.13	100839	39.87	103427	94	28.46	1.25	0.75	353.97
251	197	27.7	100848	40.63	100845	40.63	103666	94	28.46	1.27	2.0	354.05
252	197	27.7	100846	40.13	100844	39.96	103781	94	28.41	1.27	3.81	353.57
253	196	27.7	100839	40.79	100845	40.63	103782	94	28.41	1.28	2.31	353.5
254	194	27.7	100848	40.04	100835	40.13	103556	94	28.41	1.25	5.89	354.2
255	196	27.7	100839	40.04	100835	40.54	103666	94	28.41	1.25	1.69	354.13
256	196	27.7	100838	39.87	100843	40.13	104019	94	28.51	1.25	3.97	353.8
257	196	27.7	100844	41.13	100831	40.96	103964	94	28.51	1.25	2.7	354.11
258	195	27.7	100834	41.05	100843	40.54	103757	94	28.46	1.27	1.73	354.21
259	201	27.7	100833	40.63	100844	40.13	103786	94	28.36	1.26	1.73	354.22
260	197	27.7	100845	40.13	100837	40.21	103669	94	28.41	1.28	1.4	354.03
261	193	27.8	100843	40.21	100846	40.54	103540	94	28.41	1.28	4.08	353.48
262	193	27.7	100837	40.79	100846	39.54	103479	94	28.46	1.27	2.04	353.43
263	193	27.8	100848	40.54	100845	39.79	103459	94	28.41	1.28	0.4	353.52
264	195	27.7	100844	40.13	100852	39.87	103392	93	28.36	1.25	2.35	353.44
265	193	27.7	100851	39.37	100847	39.62	103513	94	28.55	1.26	2.65	353.11
266	193	27.7	100859	39.12	100852	39.54	103331	93	28.46	1.28	1.24	353.32
267	197	27.8	100850	39.87	100852	39.54	103448	94	28.46	1.25	4.88	353.86
268	198	27.8	100850	39.62	100847	39.96	103268	93	28.46	1.27	4.29	353.96
269	193	27.7	100850	39.71	100851	39.29	103377	93	28.41	1.26	6.89	354.81
270	192	27.7	100849	39.79	100850	39.37	103219	93	28.41	1.27	5.14	354.84
271	192	27.8	100847	39.87	100850	39.37	103097	93	28.41	1.27	7.6	354.64
272	192	27.8	100849	39.54	100845	40.13	103142	93	28.51	1.27	3.39	354.84
273	191	27.8	100846	40.13	100848	40.04	103255	93	28.51	1.27	1.43	354.96
274	191	27.8	100852	39.87	100847	39.62	103210	93	28.46	1.25	2.81	354.73
275	190	27.8	100849	40.54	100848	39.96	103018	93	28.46	1.27	2.48	354.52
276	191	27.8	100849	39.62	100850	38.96	103069	93	28.46	1.27	0.86	354.52
277	190	27.8	100853	39.21	100851	39.62	103158	93	28.46	1.26	0.74	354.64
278	191	27.8	100853	39.54	100848	39.37	103210	93	28.51	1.26	3.49	354.27
279	196	27.8	100853	39.79	100849	39.87	102969	93	28.46	1.25	3.04	353.95
280	191	27.8	100852	39.87	100844	40.13	102925	93	28.36	1.26	3.41	354.27
281	192	27.8	100845	40.21	100844	40.04	102812	93	28.41	1.26	3.56	354.47
282	193	27.8	100844	40.13	100843	40.13	102861	93	28.41	1.26	1.51	354.71
283	195	27.8	100844	40.54	100843	40.54	102588	93	28.41	1.26	0.85	354.73
284	191	27.8	100847	39.87	100849	40.13	102578	93	28.55	1.28	0.56	354.69
285	191	27.8	100846	40.13	100847	40.54	102668	93	28.46	1.27	2.77	354.41
286	191	27.8	100844	39.71	100846	39.79	102747	93	28.46	1.27	1.24	354.25
287	192	27.8	100847	39.79	100844	40.04	102801	93	28.55	1.26	1.47	354.5
288	192	27.8	100850	39.96	100848	40.04	102623	93	28.51	1.27	1.85	354.23
289	191	27.8	100845	39.79	100844	40.54	102710	93	28.46	1.27	2.05	354.09
290	191	27.8	100839	39.96	100845	40.21	102924	93	28.41	1.27	1.44	354.04
291	193	27.8	100844	39.96	100837	40.79	102945	93	28.51	1.27	1.35	354.1
292	191	27.8	100839	40.04	100839	40.71	102623	93	28.46	1.27	0.7	354.06
293	190	27.8	100844	40.63	100843	39.87	102710	93	28.41	1.25	0.85	354.01
294	190	27.8	100844	40.04	100836	40.21	102780	93	28.41	1.27	2.24	354.22
295	193	27.8	100848	40.54	100844	40.13	102917	93	28.46	1.26	1.27	354.15
296	190	27.8	100849	40.54	100846	40.63	102652	93	28.46	1.27	0.91	354.17
297	193	27.8	100844	40.04	100845	40.04	102603	93	28.46	1.28	1.28	354.04
298	190	27.8	100850	39.87	100844	39.79	102557	93	28.55	1.26	1.06	353.94
299	190	27.8	100848	39.96	100844	40.13	102632	93	28.55	1.26	0.42	353.98
300	190	27.8	100844	40.13	100839	40.88	102629	93	28.55	1.25	1.22	354.11
301	190	27.8	100844	39.87	100844	39.96	102258	92	28.51	1.27	1.28	354.21
302	191	27.8	100846	39.96	100843	40.04	102557	93	28.32	1.27	0.88	354.35
303	191	27.8	100846	40.13	100848	40.04	102583	93	28.6	1.25	0.81	354.48
304	191	27.8	100849	40.79	100845	40.13	102773	93	28.46	1.25	0.73	354.49
305	191	27.8	100844	40.04	100845	39.71	102828	93	28.41	1.26	2.59	354.73
306	196	27.8	100849	40.13	100844	40.04	102482	93	28.41	1.27	0.84	354.81
307	195	27.8	100838	40.54	100844	40.13	102630	93	28.55	1.26	2.29	354.56
308	190	27.8	100845	40.79	100848	39.96	102623	93	28.46	1.26	2.73	354.83
309	190	27.8	100843	40.13	100844	40.21	102690	93	28.46	1.28	3.01	354.6
310	191	27.8	100847	39.87	100845	40.13	102627	93	28.46	1.26	1.32	354.81
311	190	27.8	100847	40.54	100852	39.79	102317	93	28.55	1.27	4.77	354.19
312	189	27.8	100836	40.63	100836	40.63	102163	92	28.41	1.27	4.3	354.46
313	190	27.8	100845	40.63	100838	40.71	102142	92	28.51	1.26	5.88	354.08
314	190	27.8	100844	40.71	100847	40.21	102594	93	28.51	1.28	7.67	353.92
315	194	27.8	100847	40.13	100839	40.63	102691	93	28.51	1.28	3.52	354.06
316	190	27.8	100847	40.04	100847	39.29	101894	92	28.41	1.28	17.71	352.83
317	190	27.8	100847	40.13	100847	40.13	102142	92	28.46	1.26	0.89	352.74
318	190	27.8	100839	40.79	100844	40.71	100933	91	28.46	1.25	1.38	352.6
319	190	27.8	100833	41.13	100838	41.13	100803	91	28.41	1.29	0.89	352.49
320	190	27.8	100834	39.96	100839	40.04	100913	91	28.51	1.26	4.61	353.19
321	194	27.8	100837	41.05	100844	40.79	101465	92	28.41	1.27	0.77	353.11
322	192	27.8	100839	40.88	100836	40.63	101626	92	28.46	1.22	13.66	354.97
323	192	27.8	100835	40.21	100835	40.88	101679	92	28.55	1.27	2.47	355.01
324	192	27.8	100836	40.54	100844	41.21	101637	92	28.55	1.26	6.73	354.36
325	192	27.8	100832	40.21	100846	40.13	101465	92	28.46	1.25	3.73	354.13
326	194	27.8	100839	40.13	100845	39.79	101684	92	28.51	1.26	1.89	354.43
327	192	27.8	100851	39.79	100850	39.62	102159	92	28.51	1.27	4.27	355.03
328	192	27.8	100850	39.87	100839	39.79	102420	93	28.41	1.27	0.97	355.1
329	196	27.8	100849	39.79	100846	40.13	102077	92	28.46	1.27	2.74	354.79
330	195	27.8	100848	39.87	100847	39.71	101870	92	28.41	1.25	3.24	354.54
331	189	27.8	100847	40.13	100837	40.54	101948	92	28.36	1.26	2.1	354.31
332	189	27.8	100844	40.79	100843	40.13	102052	92	28.46	1.26	0.99	354.17
333	188	27.9	100835	40.04	100847	40.21	102215	92	28.41	1.25	0.51	354.23
334	188	27.9	100844	40.88	100844	39.79	102146	92	28.51	1.27	2.12	353.98
335	187	27.9	100844	39.79	100844	40.54	102322	93	28.55	1.27	1.94	353.98
336	187	27.9	100844	40.54	100845	40.13	102289	92	28.36	1.27	0.64	354.08
337	192	27.8	100838	40.13	100844	40.21	102325	93	28.36	1.27	2.15	354.33
338	192	27.9	100847	40.63	100836	39.96	102076	92	28.55	1.26	1.37	354.4
339	187	27.9	100839	40.79	100839	41.21	101977	92	28.46	1.28	2.08	354.2
340	189	27.9	100844	40.88	100838	40.96	102032	92	28.41	1.25	1.3	354.08
341	186	27.9	100844	40.13	100843	40.21	102047	92	28.46	1.27	3.17	353.65
342	187	27.9	100839	41.05	100843	40.21	101908	92	28.41	1.27	0.82	353.55
343	186	27.9	100836	40.13	100844	40.21	102045	92	28.55	1.26	2.05	353.92
344	186	27.9	100843	40.13	100837	40.54	102056	92	28.55	1.27	1.21	353.77
345	187	27.9	100844	40.13	100846	39.96	102139	92	28.46	1.26	1.78	354.0
346	187	27.9	100843	40.54	100843	40.54	102029	92	28.55	1.26	1.37	353.89
347	186	27.9	100838	40.54	100853	40.63	102055	92	28.51	1.26	0.41	353.86
348	186	27.9	100846	39.62	100844	40.21	102056	92	28.41	1.26	0.95	354.05
349	189	27.9	100844	39.87	100846	40.21	102153	92	28.51	1.26	1.13	354.15
350	186	27.9	100844	40.71	100839	40.21	102126	92	28.51	1.28	1.64	354.06
351	186	27.9	100844	40.13	100844	40.79	102115	92	28.55	1.26	1.54	354.21
352	193	27.9	100844	39.87	100850	39.79	102220	92	28.46	1.27	1.63	354.36
353	191	27.9	100847	39.87	100849	40.88	102251	92	28.55	1.26	1.48	354.38
354	185	27.9	100838	40.21	100845	39.79	102141	92	28.46	1.26	2.66	354.03
355	198	27.9	100844	40.88	100839	40.63	102217	92	28.51	1.27	1.08	354.18
356	195	27.9	100838	40.13	100834	40.63	102197	92	28.51	1.25	0.82	354.13
357	198	27.9	100843	40.63	100844	41.05	102119	92	28.46	1.26	0.85	354.17
358	195	27.9	100839	40.79	100844	39.46	102093	92	28.51	1.26	1.51	354.45
359	197	27.9	100843	40.13	100845	40.13	102208	92	28.41	1.26	0.86	354.61
360	197	27.9	100844	40.71	100836	40.54	102138	92	28.55	1.27	1.54	354.84
361	195	27.9	100838	40.21	100844	40.88	102159	92	28.55	1.26	1.34	354.89
362	197	27.9	100844	39.96	100838	40.04	102175	92	28.46	1.26	1.41	354.71
363	195	27.9	100845	40.04	100846	39.79	102109	92	28.46	1.26	0.63	354.83
364	196	27.9	100838	40.79	100838	40.63	102073	92	28.46	1.27	0.44	354.85
365	196	27.9	100834	40.21	100845	40.13	102103	92	28.46	1.26	0.42	354.82
366	196	27.9	100848	39.87	100846	39.79	102151	92	28.51	1.27	3.35	354.48
367	196	27.9	100846	40.13	100837	40.21	101966	92	28.51	1.26	4.69	353.99
368	195	27.9	100837	40.13	100844	40.79	101852	92	28.51	1.31	7.84	353.47
369	198	27.9	100845	40.13	100844	40.04	101213	92	28.51	1.28	2.13	353.31
370	195	27.9	100837	40.21	100836	39.96	101586	92	28.55	1.29	9.64	354.46
371	196	27.9	100848	39.62	100846	40.13	101966	92	28.55	1.26	8.92	355.84
372	200	27.9	100847	40.13	100849	39.87	101945	92	28.46	1.26	2.27	356.18
373	205	27.9	100836	40.13	100844	40.13	100348	91	28.51	1.23	19.09	317.58
374	210	27.9	100845	40.13	100846	40.54	100823	91	28.51	1.17	32.37	319.2
375	217	27.9	100839	40.21	100845	40.04	106892	97	28.55	1.24	11.82	319.86
376	220	27.9	100838	40.63	100837	40.71	107073	97	28.6	1.25	1.82	320.77
377	222	27.9	100837	40.54	100835	40.71	107221	97	28.6	1.25	2.55	321.64
378	222	27.9	100843	40.13	100837	40.13	107117	97	28.55	1.24	5.68	322.66
379	225	27.9	100837	40.63	100836	40.21	107112	97	28.51	1.22	2.97	323.72
380	222	27.9	100844	40.88	100837	40.88	107164	97	28.55	1.22	4.01	323.84
381	223	27.9	100844	40.13	100844	40.88	107221	97	28.55	1.24	1.24	324.41
382	223	27.9	100839	40.04	100845	39.87	107325	97	28.65	1.26	1.13	325.05
383	223	27.9	100846	40.13	100837	40.71	107148	97	28.6	1.23	2.36	325.93
384	222	27.9	100844	40.88	100839	40.79	107156	97	28.51	1.26	1.83	326.67
385	224	27.9	100837	40.88	100839	40.13	107262	97	28.51	1.24	2.64	327.5
386	224	27.9	100832	40.88	100828	41.3	107255	97	28.51	1.24	0.57	327.98
387	225	27.9	100843	40.88	100844	40.13	107211	97	28.55	1.24	1.71	328.53
388	224	27.9	100845	40.04	100834	40.63	107129	97	28.46	1.23	1.6	328.89
389	225	27.9	100837	40.63	100835	40.96	107118	97	28.36	1.25	1.8	329.42
390	225	27.9	100836	40.63	100838	40.71	107202	97	28.55	1.3	9.76	329.2
391	227	27.9	100838	40.96	100844	40.21	107224	97	28.55	1.27	5.26	330.16
392	232	27.9	100839	40.71	100834	40.54	106975	97	28.55	1.26	3.08	330.68
393	229	27.9	100838	40.21	100837	40.13	107005	97	28.51	1.29	9.04	330.49
394	231	27.9	100843	40.71	100833	40.71	106975	97	28.51	1.26	1.81	330.75
395	236	27.9	100838	40.79	100834	40.88	107120	97	28.41	1.23	1.3	331.44
396	229	27.9	100838	40.96	100833	40.88	107285	97	28.46	1.24	1.47	331.92
397	234	27.9	100837	40.63	100838	41.05	106857	97	28.6	1.24	1.04	332.29
398	232	27.9	100843	40.63	100835	41.13	106946	97	28.55	1.24	1.45	332.7
399	232	27.9	100839	40.88	100843	40.63	106984	97	28.55	1.24	0.65	333.12
400	233	27.9	100837	40.71	100832	40.88	107090	97	28.46	1.23	3.12	333.95
401	232	27.9	100839	40.21	100845	40.96	106726	97	28.51	1.21	5.94	333.88
402	235	27.9	100835	40.21	100836	40.96	106862	97	28.51	1.25	2.33	334.68
403	234	27.9	100835	40.54	100845	40.54	106892	97	28.51	1.23	4.04	334.7
404	237	27.9	100834	41.21	100835	40.96	106933	97	28.55	1.22	2.89	335.47
405	234	27.9	100845	39.79	100848	40.04	106880	97	28.55	1.22	0.87	336.0
406	233	27.9	100835	40.88	100843	40.04	106751	97	28.46	1.24	0.81	336.43
407	232	27.9	100844	40.79	100839	40.13	106775	97	28.55	1.23	3.41	337.36
408	232	27.9	100836	40.04	100838	40.04	106870	97	28.46	1.22	6.61	338.72
409	233	27.9	100833	41.3	100838	40.71	106936	97	28.51	1.21	1.69	339.12
410	234	28.0	100844	40.13	100843	41.05	106677	96	28.51	1.22	1.35	339.35
411	235	28.0	100837	40.04	100847	40.21	106700	97	28.51	1.2	1.34	339.76
412	232	27.9	100847	39.96	100832	40.21	106791	97	28.55	1.21	1.15	340.08
413	233	28.0	100843	41.38	100832	39.87	106908	97	28.55	1.21	1.15	340.5
414	232	27.9	100849	40.54	100839	40.54	106540	96	28.55	1.23	0.77	340.95
415	231	28.0	100837	40.13	100843	40.13	106684	96	28.46	1.21	0.93	341.37
416	232	27.9	100839	40.54	100845	40.13	106687	96	28.51	1.22	0.97	341.6
417	230	27.9	100839	40.13	100839	40.54	106732	97	28.6	1.23	3.25	342.43
418	229	27.9	100844	40.13	100843	40.13	106412	96	28.51	1.21	1.57	342.93
419	230	27.9	100837	40.63	100838	39.96	106538	96	28.55	1.21	3.18	342.74
420	232	28.0	100843	40.71	100839	39.79	106583	96	28.55	1.21	1.7	342.91
421	229	27.9	100843	40.96	100836	40.13	106655	96	28.55	1.23	4.47	343.74
422	231	28.0	100844	40.54	100839	40.13	106389	96	28.51	1.21	3.82	344.52
423	230	28.0	100843	40.54	100839	40.63	106467	96	28.51	1.21	1.14	344.74
424	231	28.0	100835	40.71	100844	40.54	106467	96	28.51	1.19	3.82	344.47
425	230	27.9	100843	40.88	100848	40.13	106534	96	28.55	1.2	5.41	345.58
426	230	27.9	100836	41.13	100844	39.71	106326	96	28.55	1.21	2.51	346.23
427	229	27.9	100844	39.79	100844	40.21	106357	96	28.51	1.21	1.93	346.66
428	232	28.0	100844	40.13	100847	40.13	106503	96	28.51	1.19	0.98	346.84
429	234	28.0	100844	40.54	100839	40.71	106562	96	28.51	1.19	1.19	347.15
430	229	28.0	100843	40.13	100843	40.63	106270	96	28.51	1.22	2.35	347.23
431	232	28.0	100843	40.21	100836	40.96	106347	96	28.46	1.2	1.73	347.72
432	230	28.0	100838	40.54	100835	40.79	106353	96	28.55	1.21	5.09	348.71
433	230	27.9	100846	40.88	100838	40.96	106500	96	28.51	1.21	1.36	348.94
434	230	27.9	100838	40.79	100837	40.88	106261	96	28.6	1.19	0.31	341.95
435	232	27.9	100836	40.79	100839	40.71	106348	96	28.46	1.2	0.87	342.43
436	232	27.9	100834	41.05	100832	40.71	106277	96	28.46	1.19	1.71	342.59
437	231	27.9	100834	40.79	100832	40.79	106444	96	28.51	1.2	1.49	343.09
438	231	28.0	100835	40.79	100836	40.79	106404	96	28.55	1.2	0.51	343.49
439	231	28.0	100839	40.21	100835	40.54	106239	96	28.55	1.2	1.34	344.0
440	231	28.0	100838	40.79	100843	40.04	106277	96	28.46	1.22	1.47	344.51
441	230	28.0	100843	40.63	100843	40.13	106415	96	28.51	1.19	1.94	345.09
442	230	28.0	100839	40.54	100843	40.13	106570	96	28.51	1.2	1.57	345.55
443	231	28.0	100837	40.21	100846	40.21	106192	96	28.6	1.19	3.67	338.06
444	237	28.0	100843	40.88	100837	40.71	106286	96	28.51	1.2	4.88	332.07
445	233	28.0	100836	41.21	100830	40.96	106375	96	28.46	1.2	0.93	325.41
446	230	27.9	100834	40.88	100834	41.21	106436	96	28.46	1.19	2.53	325.71
447	230	28.0	100837	40.79	100831	40.04	106141	96	28.51	1.2	5.53	327.17
448	232	28.0	100847	40.71	100839	41.05	106265	96	28.51	1.2	1.88	328.02
449	230	27.9	100838	40.96	100837	41.13	106349	96	28.41	1.2	2.11	328.36
450	230	28.0	100836	40.71	100834	40.96	106358	96	28.55	1.19	1.28	322.01
451	231	28.0	100836	40.88	100834	40.96	106050	96	28.51	1.22	4.33	322.25
452	232	28.0	100829	41.21	100830	40.71	106164	96	28.51	1.22	2.28	323.06
453	238	28.0	100839	41.05	100833	40.71	106179	96	28.51	1.23	0.39	323.79
454	233	28.0	100832	41.46	100825	41.38	106297	96	28.55	1.22	4.75	325.12
455	234	28.0	100828	41.05	100832	41.21	106050	96	28.65	1.21	1.39	326.02
456	234	28.0	100832	41.46	100831	40.79	106126	96	28.55	1.22	1.16	326.81
457	236	28.0	100835	41.13	100832	41.38	106184	96	28.51	1.21	1.13	327.61
458	233	28.0	100828	41.96	100830	40.96	106293	96	28.6	1.21	2.44	328.54
459	233	28.0	100833	40.79	100832	40.96	106193	96	28.41	1.21	2.14	329.48
460	232	28.0	100829	41.05	100830	41.05	106075	96	28.51	1.21	6.4	330.93
461	233	28.0	100835	41.21	100832	41.21	106157	96	28.46	1.19	4.97	332.16
462	234	28.0	100830	40.88	100830	41.13	106235	96	28.46	1.21	0.63	325.6
463	233	28.0	100832	41.13	100838	41.3	106227	96	28.51	1.2	1.21	326.43
464	233	28.0	100837	41.38	100828	41.13	106075	96	28.51	1.2	0.49	319.85
465	234	28.0	100833	41.3	100833	41.46	106071	96	28.41	1.21	2.17	313.73
466	233	28.0	100831	41.38	100835	40.79	106225	96	28.46	1.21	1.63	307.65
467	233	28.0	100837	41.13	100833	40.54	106285	96	28.46	1.19	1.21	301.7
468	235	28.0	100831	40.88	100832	41.13	105969	96	28.46	1.21	0.73	295.81
469	240	28.0	100839	41.05	100837	41.13	106048	96	28.51	1.22	1.8	290.18
470	235	28.0	100833	41.21	100832	40.71	106122	96	28.6	1.21	2.06	284.54
471	234	28.0	100838	40.96	100834	40.54	106246	96	28.51	1.21	0.87	278.91
472	235	28.0	100836	40.88	100837	40.88	105933	96	28.51	1.21	1.38	273.57
473	234	28.0	100833	41.21	100837	40.96	106011	96	28.46	1.2	0.99	268.31
474	235	28.0	100838	40.79	100829	40.88	106029	96	28.51	1.21	0.54	263.03
475	236	28.0	100837	40.13	100843	40.54	106157	96	28.51	1.2	1.36	257.81
476	234	28.0	100836	40.71	100835	40.71	106040	96	28.51	1.2	5.38	253.23
477	239	28.0	100844	40.79	100843	40.54	105952	96	28.51	1.21	0.52	248.28
478	235	28.0	100839	40.88	100836	41.38	105913	96	28.55	1.24	1.93	243.54
479	238	28.0	100838	40.79	100843	40.13	106076	96	28.46	1.24	0.95	238.74
480	234	28.0	100837	40.04	100844	40.63	106148	96	28.46	1.18	5.24	233.21
481	235	28.0	100844	40.54	100844	40.96	105772	96	28.46	1.2	5.27	227.76
482	238	28.0	100843	40.88	100844	40.21	105864	96	28.55	1.22	1.54	223.47
483	235	28.0	100843	40.13	100839	40.88	106007	96	28.41	1.21	3.24	219.54
484	236	28.0	100836	40.88	100837	40.21	106151	96	28.51	1.23	1.42	215.37
485	236	28.0	100843	40.13	100843	39.71	105839	96	28.46	1.22	1.61	211.28
486	235	28.0	100837	41.05	100833	41.21	105917	96	28.46	1.21	3.63	207.67
487	235	28.0	100836	40.96	100833	41.05	105928	96	28.46	1.21	2.28	203.31
488	235	28.0	100837	40.71	100837	41.05	106168	96	28.41	1.21	1.31	199.5
489	238	28.0	100839	40.54	100838	40.13	106347	96	28.41	1.22	2.67	195.29
490	236	28.0	100838	40.71	100836	40.54	105760	96	28.51	1.22	0.8	191.56
491	235	28.0	100848	40.79	100839	39.87	105874	96	28.51	1.21	2.87	188.22
492	235	28.0	100838	40.96	100836	40.96	106028	96	28.46	1.21	1.97	184.79
493	241	28.0	100835	40.96	100837	40.88	106263	96	28.46	1.22	0.89	181.11
494	235	28.0	100831	41.3	100836	40.79	106407	96	28.55	1.21	2.29	180.74
495	236	28.0	100834	41.13	100844	40.79	105858	96	28.46	1.22	1.21	184.23
496	236	28.0	100835	40.79	100843	40.21	105925	96	28.51	1.22	0.75	187.63
497	239	28.0	100833	40.88	100833	40.88	106069	96	28.41	1.23	0.77	191.08
498	237	28.0	100839	40.21	100844	40.79	106141	96	28.51	1.22	0.84	194.55
499	240	28.0	100834	40.79	100829	41.05	105706	96	28.46	1.22	0.84	197.72
500	238	28.0	100843	40.88	100832	40.71	105815	96	28.41	1.22	16.63	199.4
501	238	28.0	100831	40.96	100835	41.21	105919	96	28.46	1.24	1.67	202.83
502	245	28.0	100836	40.54	100836	41.21	106063	96	28.41	1.24	0.94	206.01
503	237	28.0	100838	40.79	100831	40.79	106115	96	28.51	1.25	2.64	208.79
504	240	28.0	100838	40.96	100835	40.88	105770	96	28.51	1.23	2.3	212.19
505	238	28.0	100835	41.21	100843	41.13	105775	96	28.41	1.23	2.57	214.79
506	239	28.0	100830	41.3	100837	40.71	105961	96	28.41	1.26	6.42	217.22
507	239	28.0	100838	41.21	100839	40.54	106126	96	28.41	1.24	2.66	219.79
508	240	28.0	100833	41.21	100839	40.04	105692	96	28.41	1.24	1.11	222.59
509	238	28.0	100837	40.71	100845	40.88	105878	96	28.46	1.23	4.58	224.76
510	237	28.0	100838	40.79	100836	40.96	105959	96	28.46	1.22	4.95	227.61
511	239	28.0	100827	40.79	100843	41.13	106203	96	28.46	1.25	1.09	230.43
512	238	28.0	100839	40.54	100844	40.79	106181	96	28.46	1.26	1.42	232.85
513	240	28.0	100836	40.13	100846	41.05	105704	96	28.46	1.26	1.41	235.61
514	239	28.0	100833	40.88	100831	41.3	105959	96	28.51	1.25	0.47	238.13
515	243	28.0	100843	41.13	100834	40.96	105948	96	28.51	1.26	1.22	240.42
516	240	28.0	100837	41.55	100830	40.96	106043	96	28.41	1.26	0.53	242.91
517	241	28.0	100836	40.71	100830	40.96	105604	96	28.41	1.25	0.83	245.34
518	240	28.0	100844	40.71	100836	40.13	105746	96	28.51	1.24	1.21	247.57
519	247	28.0	100837	40.21	100830	40.54	105888	96	28.55	1.26	0.41	249.87
520	240	28.0	100843	41.05	100839	40.21	106061	96	28.36	1.25	1.28	251.98
521	244	28.0	100834	40.13	100837	40.71	105647	96	28.55	1.25	2.18	253.86
522	240	28.0	100835	41.05	100836	40.88	105847	96	28.46	1.25	0.79	255.94
523	240	28.0	100833	40.96	100835	41.38	105854	96	28.46	1.24	0.8	258.08
524	240	28.0	100839	40.96	100828	41.21	106034	96	28.46	1.25	3.61	259.76
525	241	28.0	100833	40.63	100834	40.79	105687	96	28.51	1.26	0.83	261.83
526	241	28.0	100835	40.96	100837	40.96	105753	96	28.41	1.26	1.2	263.99
527	241	28.0	100847	39.71	100846	40.54	105782	96	28.41	1.24	0.71	266.05
528	243	28.0	100849	39.79	100852	40.13	105990	96	28.41	1.26	1.97	267.72
529	243	28.0	100855	39.46	100848	40.04	105704	96	28.51	1.25	2.72	269.23
530	243	28.0	100844	40.13	100846	40.04	105748	96	28.41	1.26	0.98	271.0
531	242	28.0	100839	40.13	100843	39.96	105728	96	28.41	1.26	3.15	272.37
532	243	28.0	100843	40.13	100847	39.79	105940	96	28.51	1.27	3.68	274.21
533	243	28.0	100843	40.63	100837	39.87	105688	96	28.36	1.27	2.73	275.72
534	244	28.0	100835	40.54	100836	40.21	105643	96	28.36	1.26	3.35	277.95
535	243	28.0	100834	40.54	100837	40.13	105703	96	28.46	1.25	2.61	280.03
536	243	28.0	100845	40.13	100845	39.96	105840	96	28.51	1.25	2.02	281.38
537	246	28.0	100833	40.13	100835	40.21	105707	96	28.51	1.25	1.68	282.8
538	244	28.0	100836	40.79	100844	40.71	105646	96	28.41	1.25	0.68	284.33
539	245	28.0	100836	40.04	100846	40.13	105649	96	28.41	1.27	4.61	285.2
540	243	28.0	100839	40.54	100839	40.63	105875	96	28.41	1.25	0.85	286.84
541	242	28.0	100839	39.96	100837	40.04	105819	96	28.41	1.25	1.31	288.18
542	245	28.0	100844	40.79	100838	40.13	105575	95	28.46	1.26	1.03	289.68
543	245	28.0	100838	40.63	100845	40.71	105608	96	28.51	1.26	0.6	291.09
544	244	28.0	100844	40.13	100847	40.54	105731	96	28.46	1.25	0.62	292.59
545	241	28.0	100836	40.54	100835	40.04	105894	96	28.46	1.25	1.82	293.7
546	245	28.0	100838	40.54	100844	40.63	105547	95	28.46	1.26	1.17	295.04
547	244	28.0	100839	40.79	100834	40.71	105609	96	28.46	1.26	0.84	296.34
548	248	28.0	100839	40.21	100838	40.13	105673	96	28.41	1.25	4.58	298.23
549	245	28.0	100837	40.63	100835	40.71	105727	96	28.41	1.25	2.03	299.29
550	246	28.0	100834	40.96	100832	40.71	105424	95	28.41	1.26	0.94	300.69
551	248	28.0	100837	40.88	100836	40.63	105459	95	28.51	1.26	1.09	301.93
552	248	28.0	100844	40.13	100844	39.96	105502	95	28.51	1.28	10.64	296.91
553	249	28.0	100847	40.79	100844	40.79	105535	95	28.46	1.24	3.73	297.87
554	248	28.0	100839	39.54	100846	39.96	105292	95	28.46	1.23	3.25	298.76
555	253	28.0	100847	39.62	100846	39.96	105424	95	28.46	1.25	2.58	299.8
556	246	28.0	100843	39.96	100853	39.54	105431	95	28.36	1.25	2.78	300.69
557	246	28.0	100851	39.87	100848	39.71	105571	95	28.36	1.25	1.01	301.96
558	227	28.0	100848	40.04	100845	39.96	105364	95	28.36	1.25	0.47	303.24
559	227	28.0	100845	40.13	100838	40.88	105421	95	28.41	1.25	1.27	304.25
560	227	28.0	100843	40.63	100845	40.88	105649	96	28.41	1.24	1.93	305.21
561	227	28.0	100846	40.13	100837	40.21	105804	96	28.51	1.25	1.19	306.28
562	227	28.0	100845	40.04	100850	40.04	105514	95	28.41	1.25	1.31	307.63
563	227	28.0	100849	39.71	100844	40.13	105489	95	28.36	1.25	0.94	308.76
564	227	28.0	100844	39.87	100845	40.13	105812	96	28.46	1.25	1.02	309.79
565	226	28.0	100846	39.96	100838	40.63	105549	95	28.36	1.26	1.21	310.79
566	227	28.0	100839	40.71	100837	40.13	105524	95	28.36	1.24	1.42	311.7
567	228	28.0	100844	40.13	100837	40.96	105597	95	28.46	1.26	9.28	311.42
568	230	28.0	100839	40.79	100839	40.71	105849	96	28.51	1.26	1.2	312.61
569	227	28.0	100833	40.79	100831	40.71	105305	95	28.41	1.24	0.84	313.5
570	229	28.0	100839	40.21	100839	40.54	105518	95	28.32	1.28	9.36	314.17
571	230	28.0	100845	40.54	100843	40.79	105494	95	28.41	1.26	1.26	315.21
572	237	28.0	100843	39.96	100843	40.13	105732	96	28.41	1.22	5.51	315.63
573	233	28.0	100845	40.13	100845	40.63	105278	95	28.51	1.25	0.89	316.5
574	230	28.0	100836	40.21	100839	40.13	105374	95	28.36	1.25	1.39	317.32
575	232	28.0	100845	40.13	100844	39.87	105417	95	28.36	1.24	0.54	318.32
576	229	28.0	100844	40.79	100837	39.96	105500	95	28.36	1.26	1.61	319.13
577	229	28.0	100837	40.21	100838	40.13	105187	95	28.41	1.15	7.99	319.97
578	232	28.0	100843	41.05	100839	40.21	105171	95	28.32	1.24	3.44	320.25
579	233	28.0	100846	40.04	100844	40.21	105253	95	28.36	1.28	2.03	320.95
580	232	28.0	100847	40.13	100838	40.13	105378	95	28.46	1.28	0.8	321.9
581	233	28.0	100843	39.79	100844	40.04	105071	95	28.41	1.28	0.34	322.75
582	235	28.0	100839	39.96	100849	40.63	105069	95	28.46	1.27	1.96	323.36
583	233	28.0	100847	40.71	100844	39.62	105216	95	28.36	1.25	2.63	324.07
584	233	28.0	100845	40.88	100838	40.63	105378	95	28.36	1.27	1.24	324.67
585	235	28.0	100844	40.21	100844	40.79	104980	95	28.46	1.27	1.24	325.61
586	231	28.0	100846	40.13	100839	40.04	104990	95	28.41	1.26	0.88	326.45
587	232	28.0	100845	40.21	100850	40.13	105034	95	28.51	1.26	2.36	326.8
588	232	28.0	100844	40.21	100844	40.13	104823	95	28.41	1.26	0.62	327.62
589	232	28.0	100848	40.54	100847	40.13	104872	95	28.41	1.28	1.04	328.17
590	232	28.0	100847	39.87	100838	40.71	104953	95	28.41	1.26	1.86	328.64
591	234	28.0	100843	40.13	100851	40.54	104987	95	28.41	1.26	1.39	329.32
592	232	28.0	100851	40.13	100848	40.21	104768	95	28.51	1.28	0.84	330.11
593	230	28.0	100850	40.21	100850	40.13	104811	95	28.36	1.27	0.26	330.74
594	231	28.0	100837	39.96	100844	40.21	104953	95	28.46	1.28	1.15	331.35
595	232	28.0	100848	40.04	100843	40.13	104828	95	28.36	1.28	1.5	331.75
596	231	28.0	100839	40.54	100845	39.96	104751	95	28.41	1.28	1.03	332.21
597	231	28.0	100843	39.71	100845	40.04	104735	95	28.41	1.26	1.12	332.83
598	232	28.0	100839	40.54	100837	40.71	104901	95	28.51	1.29	2.52	333.04
599	236	28.0	100839	40.13	100844	40.13	104790	95	28.41	1.27	3.09	333.67
600	231	28.0	100847	40.54	100843	40.79	104817	95	28.36	1.26	1.36	334.19
601	233	28.0	100846	40.13	100846	40.63	104811	95	28.36	1.27	1.0	334.93
602	231	28.0	100844	39.79	100846	40.13	104948	95	28.27	1.27	0.98	335.33
603	231	28.0	100839	40.13	100843	40.71	104840	95	28.46	1.27	1.44	335.81
604	233	28.0	100844	40.54	100838	40.71	104799	95	28.41	1.25	1.77	336.38
605	232	28.0	100844	40.13	100836	40.71	104830	95	28.41	1.26	0.63	336.84
606	231	28.0	100844	40.63	100833	40.54	104961	95	28.36	1.29	2.46	337.12
607	231	28.0	100836	40.13	100844	40.21	104746	95	28.36	1.27	1.09	337.66
608	237	28.0	100843	40.04	100843	40.71	104818	95	28.36	1.27	0.93	338.09
609	232	28.0	100844	40.79	100843	40.13	104831	95	28.46	1.28	2.88	339.04
610	232	28.0	100834	40.63	100846	40.13	104997	95	28.36	1.27	3.01	339.24
611	234	28.0	100837	40.54	100844	40.21	104726	95	28.36	1.25	2.35	339.98
612	232	28.0	100845	40.21	100844	40.21	104890	95	28.46	1.26	2.77	340.33
613	232	28.0	100837	40.54	100844	40.13	104942	95	28.51	1.26	1.45	341.03
614	233	28.0	100847	40.21	100843	40.04	105132	95	28.41	1.25	0.79	341.52
615	233	28.0	100844	40.79	100844	40.13	104805	95	28.41	1.28	6.44	342.68
616	233	28.0	100837	40.04	100844	40.63	104916	95	28.41	1.26	2.41	343.12
617	232	28.0	100836	40.71	100844	40.71	105121	95	28.36	1.26	0.88	343.52
618	232	28.0	100843	40.71	100844	40.96	105234	95	28.41	1.27	0.88	343.96
619	234	28.0	100848	40.04	100839	39.87	104827	95	28.41	1.26	1.09	344.27
620	233	28.0	100843	40.04	100838	40.04	104957	95	28.41	1.27	0.62	344.58
621	234	28.0	100843	40.63	100837	40.13	105121	95	28.46	1.26	1.53	344.83
622	235	28.0	100838	40.21	100844	40.04	104858	95	28.46	1.26	1.29	345.15
623	234	28.0	100844	40.21	100838	40.13	104859	95	28.46	1.27	0.79	345.59
624	234	28.0	100845	40.13	100839	39.71	104849	95	28.36	1.28	1.51	346.19
625	232	28.0	100844	40.13	100846	40.13	104989	95	28.46	1.26	0.83	346.5
626	237	28.0	100849	40.13	100843	40.04	104701	95	28.36	1.24	1.25	346.81
627	233	28.0	100844	40.21	100839	40.21	104735	95	28.32	1.26	0.87	347.1
628	233	28.0	100847	39.96	100850	39.87	104718	95	28.41	1.26	1.17	347.48
629	234	28.0	100846	39.96	100847	40.63	104874	95	28.41	1.25	1.5	347.7
630	233	28.0	100844	40.13	100839	40.13	104569	95	28.41	1.27	0.57	348.05
631	235	28.0	100845	40.54	100844	40.54	104627	95	28.41	1.26	1.16	348.23
632	233	28.0	100838	40.13	100847	40.54	104624	95	28.46	1.26	1.16	348.46
633	233	28.0	100831	40.13	100844	40.04	104743	95	28.36	1.26	0.53	348.88
634	233	28.0	100836	39.87	100844	40.54	104527	95	28.36	1.26	1.17	349.31
635	235	28.0	100839	40.54	100835	40.13	104535	95	28.36	1.26	0.76	349.64
636	238	28.0	100836	40.63	100839	40.21	104624	95	28.46	1.25	2.69	349.62
637	237	28.0	100845	40.04	100839	40.04	104708	95	28.36	1.27	1.12	349.9
638	237	28.0	100844	40.54	100836	40.54	104527	95	28.36	1.25	0.8	350.19
639	233	28.0	100843	40.96	100835	40.21	104421	94	28.32	1.26	1.28	350.42
640	235	28.0	100836	40.71	100834	40.79	104493	94	28.32	1.25	0.51	350.66
641	235	28.0	100832	40.13	100843	41.05	104549	95	28.32	1.26	1.67	350.7
642	235	28.0	100845	40.04	100844	40.79	104290	94	28.41	1.26	0.51	351.05
643	236	28.0	100836	40.63	100838	41.21	104384	94	28.51	1.27	0.94	351.32
644	237	28.0	100836	40.54	100834	40.79	104357	94	28.41	1.26	1.18	351.43
645	235	28.0	100836	40.79	100837	40.79	104474	94	28.41	1.26	1.04	351.64
646	236	28.0	100837	40.71	100843	40.79	104195	94	28.41	1.27	2.03	351.67
647	235	28.0	100837	41.05	100833	40.79	104269	94	28.41	1.26	1.68	351.75
648	234	28.0	100839	40.21	100843	40.71	104355	94	28.41	1.26	1.3	351.96
649	234	28.0	100836	40.21	100847	40.13	104462	94	28.41	1.26	1.41	352.27
650	238	28.0	100839	40.13	100834	40.79	104200	94	28.46	1.27	1.47	352.42
651	236	28.0	100839	40.04	100836	40.71	104329	94	28.46	1.26	0.67	352.65
652	234	28.0	100837	40.54	100833	40.13	104325	94	28.36	1.26	0.8	352.93
653	238	28.0	100839	40.79	100837	40.54	104515	95	28.36	1.27	0.67	353.09
654	239	28.0	100837	41.55	100835	40.71	104345	94	28.46	1.27	1.33	353.22
655	236	28.0	100838	41.13	100839	41.13	104393	94	28.46	1.27	1.15	353.36
656	236	28.0	100834	40.71	100838	39.96	104429	94	28.46	1.27	0.74	353.52
657	236	28.0	100839	40.79	100847	39.96	104615	95	28.46	1.27	1.75	354.03
658	233	28.0	100845	40.13	100846	39.71	104365	94	28.36	1.27	1.33	354.39
659	233	28.0	100849	39.71	100850	39.79	104473	94	28.36	1.28	0.58	354.54
660	232	28.0	100851	39.71	100844	39.96	104508	95	28.41	1.26	2.15	354.51
661	232	28.0	100848	40.04	100844	39.96	104748	95	28.41	1.26	2.3	355.1
662	231	28.0	100843	40.13	100848	40.04	104280	94	28.32	1.27	0.38	355.27
663	233	28.0	100835	40.71	100833	40.88	104475	94	28.32	1.25	1.8	355.33
664	236	28.0	100844	40.13	100843	40.13	104529	95	28.32	1.27	1.84	355.28
665	232	28.0	100844	39.87	100849	40.21	104689	95	28.41	1.28	2.06	355.21
666	232	28.0	100845	39.79	100843	40.54	104280	94	28.27	1.25	1.28	355.29
667	231	28.0	100845	40.21	100839	39.96	104449	94	28.41	1.28	0.9	355.64
668	231	28.0	100844	39.96	100847	40.54	104568	95	28.36	1.26	0.88	355.98
669	231	28.0	100845	39.71	100845	39.87	104530	95	28.36	1.27	0.72	356.16
670	234	28.0	100844	40.13	100845	40.13	104384	94	28.36	1.27	2.84	355.96
671	234	28.0	100844	40.13	100838	40.13	104512	95	28.27	1.27	1.4	356.12
672	234	28.0	100845	39.79	100847	40.04	104570	95	28.36	1.27	3.57	355.98
673	234	28.0	100846	40.13	100847	40.63	104375	94	28.36	1.28	0.32	356.15
674	234	28.0	100837	40.79	100836	40.54	104372	94	28.46	1.27	0.82	356.48
675	233	28.0	100837	40.88	100839	40.54	104348	94	28.36	1.27	1.1	356.65
676	233	28.0	100848	39.96	100849	40.13	104510	95	28.32	1.26	1.15	356.66
677	234	28.0	100849	40.13	100844	40.21	104229	94	28.41	1.27	1.11	357.01
678	234	28.0	100844	40.21	100836	40.13	104280	94	28.41	1.24	2.34	356.92
679	233	28.0	100845	39.46	100844	40.21	104365	94	28.41	1.28	1.06	357.27
680	233	28.0	100844	40.04	100844	40.63	104471	94	28.41	1.27	1.17	357.53
681	236	28.0	100846	40.63	100839	40.04	104221	94	28.32	1.26	1.38	357.56
682	237	28.0	100853	40.54	100838	40.21	104336	94	28.32	1.27	1.58	357.49
683	233	28.0	100844	39.71	100843	39.96	104397	94	28.46	1.27	0.78	357.71
684	233	28.0	100845	40.04	100845	40.54	104520	95	28.36	1.25	1.3	357.83
685	233	28.0	100843	40.54	100844	40.21	104225	94	28.36	1.27	0.88	358.06
686	233	28.0	100848	40.04	100847	40.13	104358	94	28.36	1.26	1.95	358.54
687	232	28.0	100846	39.54	100848	40.54	104383	94	28.36	1.25	2.37	358.47
688	233	28.0	100847	40.04	100845	39.79	104440	94	28.41	1.26	0.76	358.65
689	233	28.0	100846	40.63	100846	40.21	104156	94	28.41	1.26	1.22	358.71
690	234	28.0	100839	40.63	100843	40.21	104300	94	28.41	1.26	3.34	358.84
691	234	28.0	100849	39.71	100844	39.87	104390	94	28.41	1.25	0.86	358.99
692	236	28.0	100849	39.71	100837	40.21	104390	94	28.32	1.25	1.51	359.31
693	233	28.0	100844	40.13	100836	40.54	104165	94	28.41	1.26	1.28	359.32
694	232	28.0	100845	40.21	100846	40.04	104300	94	28.41	1.26	0.89	359.58
695	232	28.0	100847	39.79	100839	40.54	104322	94	28.32	1.29	1.67	359.55
696	233	28.0	100845	40.21	100836	40.63	104198	94	28.32	1.28	0.11	359.67
697	233	28.0	100839	40.79	100835	41.13	104122	94	28.36	1.26	0.83	359.82
698	233	28.0	100836	40.04	100848	40.21	104140	94	28.27	1.27	1.11	359.94
699	233	28.0	100844	40.54	100844	40.04	104338	94	28.36	1.26	1.66	360.16
700	233	28.0	100844	40.71	100839	40.13	104035	94	28.18	1.26	0.63	360.27
701	233	28.0	100846	40.13	100844	40.04	104144	94	28.36	1.27	0.73	360.47
702	233	28.0	100843	40.21	100843	39.79	104187	94	28.51	1.26	1.14	360.61
703	233	28.0	100845	39.71	100849	39.96	104283	94	28.32	1.27	0.47	360.79
704	233	28.0	100845	40.13	100847	40.21	104035	94	28.32	1.27	0.96	360.92
705	234	28.0	100846	39.79	100848	40.13	104122	94	28.32	1.26	4.35	360.46
706	235	28.0	100836	40.13	100845	40.13	104229	94	28.32	1.26	2.72	360.26
707	234	28.0	100846	39.96	100837	40.21	104298	94	28.32	1.27	2.42	360.79
708	234	28.0	100839	39.87	100838	39.71	104026	94	28.36	1.27	1.4	361.15
709	237	28.0	100839	39.87	100844	40.13	104096	94	28.36	1.25	1.44	361.15
710	233	28.0	100847	39.96	100844	40.54	104219	94	28.46	1.27	0.86	361.37
711	233	28.0	100847	40.04	100848	40.54	104023	94	28.36	1.25	2.52	361.15
712	233	28.0	100845	40.54	100847	40.21	104050	94	28.36	1.27	3.2	360.77
713	232	28.0	100844	40.21	100846	40.13	104118	94	28.36	1.26	1.31	361.12
714	232	28.0	100846	40.04	100848	40.04	104211	94	28.32	1.25	0.68	361.37
715	234	28.0	100844	39.87	100839	40.13	103880	94	28.32	1.26	0.46	361.42
716	233	28.0	100848	40.04	100845	40.13	104022	94	28.32	1.26	1.05	361.39
717	233	28.0	100848	39.96	100846	39.46	104028	94	28.32	1.26	0.61	361.49
718	238	28.0	100847	39.62	100848	39.62	104157	94	28.41	1.26	1.42	361.45
719	235	28.0	100844	39.54	100846	39.87	103847	94	28.32	1.27	1.0	361.74
720	231	28.0	100847	39.71	100843	39.79	103884	94	28.27	1.25	3.33	361.36
721	233	28.0	100844	39.96	100846	39.62	104028	94	28.36	1.27	5.1	361.1
722	232	28.0	100847	40.04	100848	40.04	104073	94	28.36	1.25	1.47	361.06
723	234	28.0	100847	40.21	100846	40.13	103799	94	28.36	1.26	1.77	361.48
724	233	28.0	100848	39.71	100844	39.87	103855	94	28.36	1.26	1.37	361.74
725	233	28.0	100849	40.04	100845	40.21	103926	94	28.36	1.25	1.09	361.75
726	234	28.0	100846	39.87	100848	39.79	104095	94	28.36	1.25	1.44	361.67
727	232	28.0	100852	39.71	100852	39.46	103719	94	28.36	1.28	2.3	361.61
728	233	28.0	100846	39.87	100850	40.13	103851	94	28.32	1.25	6.28	361.77
729	232	28.0	100844	40.54	100847	40.04	103903	94	28.36	1.27	1.44	361.86
730	233	28.0	100843	40.13	100849	40.21	103950	94	28.32	1.27	1.19	362.14
731	232	28.0	100844	40.63	100844	40.54	103774	94	28.41	1.28	1.34	362.37
732	233	28.0	100837	40.71	100843	39.79	103734	94	28.41	1.26	1.28	362.42
733	232	28.0	100843	40.21	100836	40.13	103717	94	28.32	1.29	3.86	362.16
734	232	28.0	100836	40.63	100837	40.13	103864	94	28.32	1.27	2.47	362.12
735	232	28.0	100838	40.13	100836	40.71	103926	94	28.36	1.25	3.12	362.19
736	235	28.0	100839	40.13	100849	40.13	103670	94	28.36	1.27	3.5	361.79
737	232	28.0	100850	40.71	100844	40.54	103724	94	28.27	1.27	0.98	362.09
738	232	28.0	100843	40.13	100844	40.13	103777	94	28.36	1.27	1.34	362.2
739	232	28.0	100847	39.79	100848	40.04	103849	94	28.27	1.27	1.15	362.27
740	232	28.0	100844	39.79	100844	40.04	103675	94	28.36	1.29	5.36	361.9
741	231	28.0	100846	40.71	100843	40.04	103622	94	28.36	1.26	2.85	362.39
742	233	28.0	100834	40.21	100844	39.96	103668	94	28.36	1.26	0.7	362.66
743	233	28.0	100845	39.96	100837	40.21	103753	94	28.32	1.25	1.09	362.61
744	232	28.0	100845	40.63	100838	40.13	103691	94	28.32	1.27	0.45	362.82
745	232	28.0	100838	39.87	100847	40.21	103570	94	28.32	1.26	0.83	363.1
746	234	28.0	100837	39.96	100845	40.13	103622	94	28.32	1.27	0.79	363.29
747	232	28.0	100843	40.54	100844	40.71	103707	94	28.32	1.27	2.89	363.16
748	232	28.0	100846	40.13	100837	39.96	103871	94	28.32	1.27	2.31	362.97
749	232	28.0	100846	39.96	100837	40.63	103632	94	28.36	1.28	2.86	363.05
750	231	28.0	100844	40.71	100845	39.96	103722	94	28.32	1.27	1.65	363.03
751	233	28.0	100844	40.21	100839	40.13	103828	94	28.27	1.27	0.74	363.17
752	234	28.0	100844	40.21	100846	40.63	103950	94	28.36	1.28	1.43	363.51
753	232	28.0	100837	40.54	100836	40.54	103813	94	28.36	1.27	3.05	364.11
754	233	28.0	100839	40.88	100843	40.13	103791	94	28.22	1.26	2.21	364.58
755	232	28.0	100838	40.54	100844	40.13	103803	94	28.36	1.26	1.15	364.68
756	232	28.0	100833	40.54	100836	40.63	104030	94	28.36	1.27	1.22	364.73
757	234	28.0	100836	40.96	100843	40.71	103956	94	28.36	1.26	1.7	364.85
758	232	28.0	100836	40.71	100836	40.88	103883	94	28.36	1.26	0.8	365.01
759	232	28.0	100833	41.05	100836	40.54	103803	94	28.36	1.27	1.42	365.29
760	233	28.0	100838	40.88	100836	40.13	104171	94	28.46	1.27	2.37	365.26
761	233	28.0	100844	40.54	100839	40.79	104166	94	28.27	1.26	2.67	365.11
762	233	28.0	100834	41.3	100837	40.79	104221	94	28.32	1.26	2.09	365.55
763	232	28.0	100838	40.79	100838	40.04	104274	94	28.32	1.26	1.27	365.56
764	236	28.0	100836	40.54	100831	40.79	104546	95	28.32	1.26	1.22	365.64
765	234	28.0	100834	40.63	100833	40.96	104276	94	28.32	1.26	0.5	365.74
766	234	28.0	100836	40.63	100837	40.54	104217	94	28.22	1.26	1.25	365.88
767	232	28.0	100844	40.13	100838	40.79	104180	94	28.32	1.22	3.05	365.6
768	233	28.0	100843	40.54	100835	41.05	104264	94	28.32	1.27	1.87	365.41
769	231	28.0	100844	40.04	100844	39.96	104037	94	28.32	1.27	0.99	365.59
770	231	28.0	100836	40.54	100835	39.71	103974	94	28.32	1.24	1.89	365.9
771	232	28.0	100846	40.54	100844	40.96	103837	94	28.27	1.29	1.17	366.19
772	232	28.0	100833	40.79	100838	40.63	103970	94	28.32	1.25	1.89	366.12
773	232	28.0	100838	40.63	100838	40.13	103797	94	28.36	1.25	2.35	366.02
774	235	28.0	100831	41.3	100831	40.96	103927	94	28.27	1.25	1.37	366.25
775	232	28.0	100830	40.79	100836	41.13	103929	94	28.36	1.27	1.7	366.63
776	232	28.0	100837	41.05	100834	39.87	104030	94	28.32	1.25	3.97	366.19
777	232	28.0	100831	40.79	100828	41.13	103755	94	28.32	1.27	1.47	366.07
778	232	28.0	100834	40.54	100839	40.88	103857	94	28.41	1.28	1.97	365.97
779	232	28.0	100838	40.63	100832	41.13	103961	94	28.32	1.28	0.85	366.12
780	232	28.0	100837	40.54	100838	41.38	104059	94	28.32	1.25	2.16	366.57
781	232	28.0	100844	40.63	100844	39.62	103829	94	28.32	1.26	0.38	366.71
782	233	28.0	100845	40.54	100838	40.54	103921	94	28.32	1.26	1.69	366.74
783	232	28.0	100839	39.96	100839	40.88	104053	94	28.32	1.27	2.47	366.79
784	232	28.1	100847	39.62	100845	39.96	104093	94	28.27	1.28	0.41	366.93
785	232	28.0	100844	40.04	100844	39.96	103821	94	28.27	1.26	1.28	366.97
786	233	28.0	100835	40.96	100836	40.54	103859	94	28.27	1.27	0.89	367.01
787	234	28.0	100839	40.21	100835	40.96	103894	94	28.36	1.25	0.77	367.14
788	233	28.0	100843	40.54	100843	40.13	103714	94	28.46	1.25	1.15	367.16
789	233	28.0	100839	39.87	100844	40.21	103598	94	28.36	1.25	1.79	367.1
790	235	28.0	100844	39.71	100849	39.71	103567	94	28.32	1.27	1.09	367.06
791	238	28.1	100848	39.37	100843	40.04	103768	94	28.32	1.26	2.08	366.99
792	236	28.0	100838	40.54	100836	40.63	103569	94	28.32	1.25	1.02	366.99
793	232	28.1	100844	40.13	100847	40.13	103578	94	28.32	1.27	0.9	367.06
794	232	28.1	100844	40.63	100844	40.04	103621	94	28.32	1.25	1.13	367.14
795	235	28.0	100836	40.21	100844	40.63	103786	94	28.32	1.21	6.76	366.87
796	234	28.0	100844	40.13	100845	39.87	103602	94	28.27	1.25	0.29	367.0
797	234	28.1	100844	40.13	100846	40.63	103513	94	28.32	1.23	0.7	367.09
798	232	28.1	100839	40.21	100837	40.13	103647	94	28.22	1.25	2.47	366.89
799	233	28.0	100835	40.54	100839	40.63	103693	94	28.32	1.27	1.82	366.72
800	232	28.0	100844	40.71	100846	39.96	103550	94	28.32	1.25	1.59	366.67
801	234	28.0	100847	40.54	100844	40.54	103571	94	28.41	1.27	2.37	366.5
802	232	28.0	100847	40.63	100845	40.13	103595	94	28.32	1.26	1.14	366.63
803	231	28.1	100835	40.13	100846	40.13	103734	94	28.27	1.27	1.19	366.81
804	232	28.0	100848	40.88	100833	40.79	103569	94	28.36	1.26	0.68	367.02
805	234	28.0	100844	40.63	100844	40.71	103510	94	28.36	1.27	0.58	367.1
806	232	28.1	100846	39.96	100846	40.63	103579	94	28.27	1.28	1.01	367.15
807	232	28.0	100836	40.13	100836	39.96	103714	94	28.27	1.26	1.64	367.38
808	231	28.0	100843	40.79	100845	40.79	103796	94	28.27	1.27	1.23	367.44
809	232	28.0	100844	40.13	100843	40.21	103439	94	28.36	1.25	1.06	367.41
810	231	28.0	100846	39.87	100837	40.04	103541	94	28.27	1.27	1.01	367.4
811	231	28.0	100845	39.79	100844	40.13	103652	94	28.27	1.27	0.93	367.44
812	232	28.0	100839	39.71	100849	39.71	103734	94	28.32	1.27	1.98	367.31
813	232	28.0	100846	39.62	100844	39.87	103458	94	28.27	1.26	1.96	367.4
814	232	28.0	100849	40.13	100846	40.04	103541	94	28.27	1.27	1.14	367.59
815	232	28.0	100848	40.04	100844	39.96	103661	94	28.32	1.26	1.4	367.93
816	232	28.0	100846	40.13	100838	40.79	103778	94	28.32	1.26	1.02	368.17
817	232	28.0	100848	39.96	100846	39.96	103437	94	28.32	1.23	3.18	368.69
818	233	28.0	100835	40.63	100846	40.13	103437	94	28.41	1.25	2.32	368.44
819	235	28.0	100836	40.13	100839	40.13	103607	94	28.32	1.24	1.36	368.48
820	232	28.0	100845	40.63	100846	40.13	103710	94	28.27	1.15	19.83	370.49
821	232	28.0	100844	40.88	100844	40.88	103529	94	28.18	1.21	4.03	370.72
822	230	28.0	100830	40.04	100844	40.63	103534	94	28.32	1.2	2.56	363.79
823	229	28.0	100837	40.79	100846	40.21	103564	94	28.41	1.16	23.73	354.21
824	230	28.0	100839	40.13	100844	40.13	103719	94	28.27	1.22	10.78	352.98
825	232	28.0	100848	40.21	100839	40.04	103563	94	28.22	1.26	3.28	353.91
826	232	28.0	100836	40.13	100834	41.05	103530	94	28.32	1.23	3.32	354.42
827	236	28.0	100850	40.88	100844	40.13	103354	93	28.32	1.16	28.58	355.26
828	231	28.0	100839	41.05	100845	39.71	103373	93	28.36	1.2	3.3	355.31
829	231	28.0	100845	39.79	100847	40.54	103275	93	28.36	1.2	9.93	348.18
830	231	28.0	100836	39.87	100844	40.71	103082	93	28.22	1.2	11.85	347.76
831	232	28.0	100850	39.71	100848	39.71	103104	93	28.32	1.27	16.85	347.96
832	232	28.0	100846	39.62	100837	40.13	103279	93	28.27	1.22	5.8	347.91
833	234	28.0	100849	39.62	100847	39.96	103352	93	28.36	1.25	0.57	348.37
834	235	28.0	100836	39.96	100844	39.87	103153	93	28.46	1.24	2.9	348.78
835	232	28.0	100847	40.13	100846	39.96	103115	93	28.36	1.26	1.02	349.19
836	233	28.0	100843	39.87	100846	39.96	103288	93	28.32	1.26	2.03	349.54
837	233	28.0	100845	40.63	100844	40.21	103333	93	28.41	1.26	12.57	348.92
838	232	28.0	100838	39.87	100839	40.88	103114	93	28.32	1.24	1.42	349.48
839	233	28.0	100844	40.63	100847	39.96	103224	93	28.32	1.25	1.12	349.9
840	233	28.0	100839	40.04	100835	40.79	103326	93	28.32	1.25	3.26	350.92
841	235	28.0	100839	39.79	100839	40.63	103389	93	28.27	1.25	1.3	351.24
842	233	28.0	100835	40.88	100834	39.87	103161	93	28.32	1.27	2.35	351.91
843	233	28.0	100836	41.05	100844	40.96	103183	93	28.36	1.25	1.62	352.17
844	235	28.0	100838	41.05	100831	41.05	103366	93	28.27	1.24	2.25	352.39
845	237	28.0	100844	40.79	100838	40.13	103459	94	28.36	1.35	6.66	353.78
846	233	28.0	100838	40.54	100835	40.96	103218	93	28.36	1.25	5.22	355.02
847	234	28.0	100835	40.63	100835	40.13	103299	93	28.27	1.26	13.03	357.51
848	235	28.0	100839	40.71	100830	41.13	103520	94	28.41	1.24	0.72	357.88
849	236	28.0	100832	40.63	100837	39.96	103504	94	28.22	1.25	2.32	358.03
850	239	28.0	100837	40.13	100844	40.13	103220	93	28.27	1.22	6.05	358.18
851	238	28.0	100839	40.21	100839	39.96	103347	93	28.36	1.26	1.12	358.72
852	236	28.0	100843	40.63	100843	40.63	103420	94	28.27	1.26	7.7	358.0
853	239	28.0	100846	40.96	100836	40.88	103346	93	28.18	1.29	4.84	358.96
854	237	28.0	100838	40.63	100838	40.13	103413	94	28.32	1.24	2.42	359.43
855	234	28.0	100839	40.88	100835	40.79	103617	94	28.41	1.24	1.01	359.93
856	234	28.0	100847	40.04	100834	40.63	103420	94	28.22	1.28	3.24	360.67
857	234	28.0	100844	40.71	100845	40.21	103401	94	28.32	1.25	6.42	361.8
858	236	28.0	100844	40.13	100838	40.79	103461	94	28.36	1.2	2.55	361.74
859	235	28.0	100839	40.21	100846	40.54	103502	94	28.27	1.2	2.86	362.07
860	234	28.0	100839	40.54	100843	40.13	103771	94	28.32	1.2	0.97	362.4
861	235	28.0	100845	39.54	100850	39.62	103469	94	28.41	1.17	1.77	362.58
862	234	28.0	100850	40.13	100851	39.37	103545	94	28.32	1.2	2.58	362.77
863	235	28.0	100847	40.04	100844	39.96	103573	94	28.32	1.19	4.11	363.56
864	233	28.0	100846	40.13	100838	40.79	103671	94	28.32	1.2	8.04	356.27
865	233	28.0	100836	40.71	100834	39.79	103372	93	28.27	1.2	2.08	356.87
866	237	28.0	100844	40.54	100844	39.87	103545	94	28.32	1.21	3.13	356.89
867	237	28.0	100844	40.63	100844	41.05	103549	94	28.27	1.2	9.85	349.98
868	233	28.0	100835	40.21	100836	40.88	103609	94	28.27	1.18	2.86	350.67
869	234	28.0	100839	40.54	100844	39.79	103311	93	28.18	1.21	2.98	343.91
870	234	28.0	100843	40.63	100845	40.79	103393	93	28.22	1.21	4.0	344.94
871	237	28.0	100844	40.21	100839	39.62	103448	94	28.22	1.21	7.41	345.43
872	234	28.0	100844	40.13	100835	41.13	103548	94	28.36	1.21	2.22	345.84
873	237	28.0	100844	40.63	100838	40.21	103367	93	28.36	1.21	4.35	346.36
874	235	28.0	100847	39.87	100839	40.71	103397	93	28.27	1.23	4.63	339.42
875	234	28.0	100833	40.79	100837	40.13	103501	94	28.36	1.2	2.9	332.83
876	236	28.0	100836	40.13	100833	41.3	103543	94	28.36	1.2	9.42	333.36
877	234	28.0	100843	39.96	100844	40.71	103394	93	28.32	1.21	1.32	334.49
878	236	28.0	100838	40.63	100847	41.13	103332	93	28.27	1.19	4.35	328.55
879	234	28.0	100844	40.63	100837	41.21	103520	94	28.36	1.19	1.44	329.45
880	237	28.0	100833	40.63	100837	39.54	103245	93	28.32	1.19	12.13	322.97
881	234	28.0	100845	40.79	100832	40.88	102124	92	28.22	1.21	5.96	317.31
882	234	28.0	100843	39.96	100832	40.79	103332	93	28.32	1.22	5.17	310.98
883	232	28.0	100836	40.88	100844	40.54	98843	89	28.18	1.22	25.18	304.39
884	232	28.0	100833	40.88	100844	41.05	98798	89	28.32	1.21	2.73	298.71
885	232	28.0	100833	41.05	100844	40.71	99037	90	28.22	1.18	7.15	293.29
886	233	28.0	100828	41.13	100836	41.38	99149	90	28.22	1.23	1.68	287.83
887	234	28.0	100831	41.05	100838	40.88	99360	90	28.32	1.23	1.52	282.43
888	231	28.0	100831	40.96	100837	41.13	99206	90	28.32	1.23	0.99	277.1
889	231	28.0	100837	41.55	100835	40.79	99293	90	28.32	1.23	0.32	272.01
890	232	28.0	100835	41.05	100835	41.05	99344	90	28.32	1.22	1.0	266.89
891	233	28.0	100837	41.13	100837	41.3	99411	90	28.32	1.24	0.97	261.93
892	232	28.0	100833	41.3	100829	40.88	99373	90	28.36	1.23	1.38	257.07
893	234	28.0	100834	40.79	100833	40.13	99331	90	28.27	1.22	0.8	252.39
894	232	28.0	100838	40.54	100834	40.79	99344	90	28.36	1.23	2.41	247.6
895	232	28.0	100837	39.96	100839	39.96	99405	90	28.41	1.22	1.58	243.05
896	234	28.0	100845	39.46	100837	40.13	99527	90	28.27	1.23	6.96	238.75
897	232	28.0	100844	40.13	100838	40.13	99262	90	28.41	1.23	8.12	234.81
898	233	28.0	100833	40.21	100839	41.3	99327	90	28.27	1.24	5.45	230.33
899	239	28.0	100836	40.13	100836	40.71	99492	90	28.32	1.22	3.89	225.89
900	235	28.0	100832	41.21	100838	40.71	99631	90	28.32	1.23	3.42	222.05
901	231	28.0	100844	40.63	100837	39.87	99408	90	28.51	1.23	0.56	218.06
902	232	28.0	100833	40.21	100832	40.88	99416	90	28.32	1.22	2.52	213.97
903	232	28.0	100833	41.05	100837	41.3	99473	90	28.32	1.22	0.89	209.98
904	234	28.0	100838	40.79	100833	40.13	99622	90	28.32	1.23	0.52	206.25
905	234	28.0	100844	40.54	100839	40.13	99702	90	28.32	1.21	3.1	202.41
906	233	28.0	100836	41.21	100838	40.88	99407	90	28.32	1.22	2.32	199.28
907	232	28.0	100832	41.21	100844	40.71	99544	90	28.32	1.22	0.17	202.87
908	232	28.0	100833	41.21	100838	40.21	99674	90	28.32	1.23	1.72	206.1
909	233	28.0	100843	40.79	100837	40.54	99692	90	28.32	1.2	1.98	209.34
910	236	28.0	100836	40.54	100838	40.63	100419	91	28.32	1.21	1.38	212.52
911	233	28.0	100844	40.79	100843	40.63	101014	91	28.27	1.2	2.64	216.1
912	235	28.0	100844	40.13	100834	40.79	100822	91	28.27	1.22	9.33	220.68
913	232	28.0	100843	40.13	100846	40.13	92448	84	28.36	1.24	6.27	222.84
914	235	28.0	100847	40.21	100837	40.88	101150	91	28.32	1.34	25.7	226.11
915	231	28.0	100839	40.63	100844	40.79	102675	93	28.32	1.24	7.49	227.98
916	231	28.0	100836	40.13	100836	40.63	104792	95	28.27	1.26	63.38	241.06
917	231	28.0	100835	40.71	100843	40.54	109726	99	28.36	1.2	44.51	250.93
918	234	28.0	100844	40.88	100837	40.54	109474	99	28.32	1.21	12.4	251.88
919	233	28.0	100846	40.54	100844	40.13	109542	99	28.22	1.24	4.61	253.94
920	233	28.0	100843	40.71	100844	40.96	109518	99	28.22	1.25	5.22	257.41
921	233	28.0	100837	40.71	100832	40.21	109428	99	28.27	1.25	1.61	260.24
922	233	28.0	100838	40.21	100838	40.79	109423	99	28.32	1.25	0.81	262.68
923	234	28.0	100846	40.96	100832	40.63	109391	99	28.32	1.25	2.81	264.83
924	234	28.0	100838	40.13	100839	40.13	109473	99	28.32	1.24	5.02	268.05
925	233	28.0	100834	40.79	100839	40.88	109453	99	28.22	1.24	2.54	270.02
926	236	28.0	100837	40.71	100834	40.63	109247	99	28.22	1.23	3.46	271.82
927	238	28.0	100838	40.63	100835	40.96	109220	99	28.41	1.25	1.1	273.95
928	232	28.0	100844	40.71	100827	41.55	109236	99	28.27	1.24	2.34	276.39
929	233	28.0	100832	41.38	100831	40.96	109230	99	28.36	1.25	0.74	278.63
930	233	28.0	100839	40.96	100836	41.13	109138	99	28.27	1.23	9.01	279.54
931	232	28.0	100835	40.96	100839	40.63	109045	99	28.27	1.25	7.93	282.6
932	231	28.0	100835	41.21	100829	41.3	109010	99	28.22	1.19	19.72	287.86
933	232	28.0	100831	40.54	100836	40.13	109048	99	28.36	1.25	13.94	291.74
934	233	28.0	100835	40.63	100839	41.3	109062	99	28.32	1.24	4.28	293.02
935	233	28.0	100844	41.13	100833	40.88	108801	98	28.32	1.22	2.75	294.52
936	237	28.0	100838	40.71	100844	41.55	108782	98	28.41	1.22	0.69	296.45
937	233	28.0	100837	39.87	100843	40.79	108776	98	28.27	1.22	2.15	298.11
938	232	28.0	100835	41.13	100835	40.54	108819	98	28.36	1.26	0.97	300.06
939	233	28.0	100839	40.13	100834	40.63	108523	98	28.27	1.23	3.98	301.22
940	233	28.0	100844	41.13	100837	39.87	108572	98	28.32	1.24	11.72	304.82
941	235	28.0	100837	40.79	100838	40.79	108499	98	28.22	1.24	1.03	306.35
942	233	28.0	100832	41.13	100834	40.71	108628	98	28.36	1.23	2.15	308.36
943	233	28.0	100832	40.63	100833	41.3	108310	98	28.27	1.23	3.54	310.35
944	234	28.0	100834	40.54	100829	41.46	108382	98	28.36	1.21	5.95	312.9
945	233	28.0	100834	40.79	100833	41.05	108362	98	28.36	1.24	1.03	314.33
946	233	28.0	100830	41.3	100833	40.54	108376	98	28.36	1.24	0.77	315.72
947	234	28.0	100830	41.46	100844	41.05	108212	98	28.22	1.23	1.19	317.11
948	233	28.0	100838	40.79	100835	40.13	108213	98	28.32	1.26	2.0	318.84
949	233	28.0	100843	40.13	100843	41.3	108187	98	28.32	1.23	2.64	320.61
950	232	28.0	100834	40.54	100839	40.96	108264	98	28.32	1.24	3.93	322.51
951	235	28.0	100836	40.96	100843	40.54	108049	98	28.36	1.23	0.98	323.99
952	238	28.0	100844	40.71	100834	40.13	108064	98	28.36	1.24	3.56	325.83
953	237	28.0	100837	41.05	100835	40.63	108085	98	28.36	1.23	5.79	326.22
954	233	28.0	100834	40.04	100838	40.13	108123	98	28.27	1.24	0.19	327.52
955	233	28.0	100836	40.71	100843	40.21	108051	98	28.22	1.23	3.91	329.19
956	233	28.0	100836	40.63	100838	40.79	107996	98	28.22	1.22	1.59	330.47
957	232	28.0	100844	40.13	100839	40.21	108041	98	28.32	1.22	4.81	330.9
958	232	28.0	100836	40.54	100844	40.79	108129	98	28.32	1.22	6.65	331.05
959	233	28.0	100844	39.87	100848	40.13	108054	98	28.27	1.24	3.45	332.76
960	232	28.0	100846	40.13	100835	40.63	107859	98	28.27	1.26	2.05	333.58
961	232	28.0	100845	40.79	100837	40.13	107907	98	28.27	1.25	1.3	334.51
962	238	28.0	100838	40.63	100833	40.63	107981	98	28.36	1.23	2.26	335.79
963	233	28.0	100849	40.13	100843	40.63	107981	98	28.32	1.25	4.54	337.5
964	232	28.0	100844	40.13	100835	40.88	107815	98	28.32	1.24	0.93	338.5
965	234	28.0	100839	40.13	100839	40.13	107896	98	28.22	1.25	1.89	339.83
966	234	28.0	100839	40.54	100844	40.21	107905	98	28.32	1.23	6.72	341.83
967	234	28.0	100837	40.21	100839	40.54	107969	98	28.32	1.24	9.82	343.54
968	233	28.0	100833	40.54	100844	40.88	107770	97	28.27	1.23	8.84	343.28
969	234	28.0	100836	40.13	100833	40.88	107864	98	28.36	1.17	2.83	344.75
970	234	28.0	100833	40.63	100838	40.79	107883	98	28.32	1.13	10.99	337.75
971	234	28.1	100838	40.63	100831	41.38	108083	98	28.27	1.21	10.3	337.23
972	232	28.0	100837	40.71	100836	40.96	107907	98	28.27	1.21	8.95	337.47
973	232	28.0	100835	39.96	100835	40.79	107967	98	28.22	1.24	0.94	338.66
974	231	28.0	100844	40.54	100835	40.63	108012	98	28.32	1.25	1.13	339.79
975	232	28.0	100849	40.54	100846	39.71	107999	98	28.32	1.25	0.81	340.77
976	232	28.0	100836	40.54	100839	40.96	107832	98	28.32	1.24	1.17	341.57
977	233	28.1	100838	40.04	100838	40.13	107806	98	28.32	1.24	2.55	342.68
978	235	28.0	100834	40.54	100835	40.04	107915	98	28.32	1.27	8.58	344.59
979	234	28.0	100832	41.46	100836	40.13	107900	98	28.32	1.24	4.57	346.2
980	232	28.0	100838	40.71	100837	40.88	107759	97	28.36	1.24	4.3	346.56
981	232	28.0	100843	40.21	100844	40.71	107758	97	28.32	1.24	0.6	347.39
982	231	28.0	100843	40.13	100843	40.13	107854	98	28.27	1.25	0.78	348.29
983	230	28.1	100839	40.63	100838	40.79	107821	98	28.18	1.22	7.73	350.17
984	231	28.1	100844	40.88	100836	40.54	107680	97	28.32	1.25	3.22	351.48
985	231	28.1	100838	40.79	100839	41.13	107668	97	28.46	1.25	0.82	352.33
986	232	28.0	100830	40.13	100838	39.87	107741	97	28.27	1.22	2.28	353.48
987	232	28.0	100839	40.13	100833	40.63	107584	97	28.27	1.24	6.78	355.17
988	232	28.0	100843	40.21	100838	40.54	107658	97	28.22	1.24	5.67	356.81
989	231	28.1	100837	40.21	100844	40.54	107633	97	28.32	1.25	4.18	358.11
990	231	28.1	100834	40.54	100835	40.63	107696	97	28.32	1.26	1.18	358.75
991	234	28.0	100844	40.13	100846	39.62	107482	97	28.36	1.24	0.7	359.43
992	233	28.1	100839	40.04	100844	39.79	107505	97	28.36	1.26	2.12	360.24
993	233	28.1	100845	40.13	100838	40.54	107524	97	28.27	1.22	4.16	361.55
994	232	28.1	100844	40.21	100843	40.63	107611	97	28.27	1.24	1.45	361.96
995	234	28.1	100846	40.54	100839	40.88	107465	97	28.32	1.24	1.24	362.7
996	232	28.1	100844	40.54	100844	39.87	107466	97	28.32	1.24	1.56	363.06
997	232	28.1	100838	40.96	100836	39.96	107562	97	28.32	1.26	2.74	364.06
998	232	28.1	100844	40.04	100838	40.71	107648	97	28.32	1.25	1.34	364.83
999	232	28.1	100844	40.04	100837	40.96	107291	97	28.32	1.24	2.85	364.93
1000	233	28.1	100843	39.87	100844	40.63	107395	97	28.36	1.25	1.68	365.42
