1	209	26.6	100849	39.71	100857	39.87	102375	93	28.04	1.32	1.09	359.96
2	207	26.7	100850	39.46	100856	39.37	102446	93	28.18	1.35	2.19	359.67
3	207	26.7	100854	39.46	100850	39.96	102394	93	28.08	1.33	1.34	359.69
4	207	26.7	100853	39.96	100847	39.87	102506	93	28.13	1.33	3.43	360.1
5	211	26.7	100847	39.71	100845	39.04	102283	92	28.13	1.33	1.59	360.02
6	207	26.7	100857	39.29	100855	39.71	102451	93	28.08	1.32	2.85	360.34
7	209	26.8	100851	39.71	100850	39.12	102394	93	28.08	1.33	1.47	360.44
8	208	26.7	100852	39.79	100851	39.87	102529	93	28.13	1.34	1.07	360.45
9	209	26.7	100849	39.54	100853	38.87	102425	93	28.18	1.34	2.59	360.72
10	207	26.8	100847	39.46	100847	39.62	102500	93	28.08	1.32	3.28	361.08
11	208	26.8	100850	39.54	100851	39.96	102596	93	28.18	1.32	1.22	361.13
12	208	26.8	100851	39.62	100853	39.71	102404	93	28.27	1.32	2.77	361.42
13	208	26.8	100848	39.87	100852	39.54	102404	93	28.08	1.32	0.41	361.34
14	207	26.8	100844	39.87	100845	39.29	102428	93	28.08	1.33	1.54	361.41
15	208	26.8	100856	39.54	100854	39.04	102436	93	28.18	1.32	3.15	361.76
16	208	26.8	100855	39.46	100848	39.96	102175	92	28.13	1.33	2.62	362.03
17	208	26.8	100847	39.21	100852	39.71	102181	92	28.22	1.32	1.61	362.06
18	208	26.8	100857	39.46	100845	39.62	102263	92	28.13	1.33	2.25	362.2
19	207	26.8	100845	39.71	100856	39.71	102229	92	28.13	1.31	1.99	362.38
20	212	26.8	100847	39.79	100844	40.13	102069	92	28.22	1.32	1.51	362.46
21	210	26.8	100850	39.12	100852	39.46	102325	93	28.13	1.32	0.83	362.45
22	205	26.8	100853	39.37	100849	39.29	102374	93	28.13	1.33	2.83	362.75
23	205	26.8	100855	39.54	100853	39.79	102225	92	28.13	1.32	2.15	362.94
24	203	26.8	100851	39.79	100851	40.04	102152	92	28.13	1.31	1.95	363.01
25	206	26.8	100848	40.13	100847	39.37	102171	92	28.08	1.32	1.67	363.14
26	205	26.8	100849	39.37	100847	39.46	102299	92	28.08	1.32	2.24	363.34
27	207	26.8	100844	39.87	100848	39.46	102159	92	28.18	1.32	2.72	363.43
28	209	26.8	100855	39.46	100851	39.54	102204	92	28.13	1.34	3.18	363.74
29	210	26.8	100849	40.04	100846	39.46	102215	92	28.04	1.32	0.26	363.61
30	206	26.8	100846	39.79	100843	39.37	102369	93	28.08	1.33	1.54	363.58
31	210	26.8	100852	39.62	100853	39.37	102203	92	28.04	1.34	3.06	363.89
32	209	26.8	100853	39.87	100851	38.96	102273	92	28.13	1.31	1.92	364.03
33	208	26.8	100852	39.54	100852	39.87	102466	93	28.13	1.32	2.08	364.19
34	207	26.8	100854	39.62	100851	38.96	102586	93	28.13	1.33	1.63	364.27
35	207	26.8	100853	39.62	100850	39.46	102331	93	28.13	1.31	2.41	364.49
36	208	26.8	100851	39.29	100848	39.21	102512	93	28.13	1.33	3.55	364.68
37	208	26.8	100852	39.29	100855	39.21	102797	93	28.08	1.3	1.92	364.82
38	208	26.8	100849	39.46	100854	39.71	102770	93	28.13	1.32	1.74	364.83
39	209	26.8	100847	39.29	100851	39.54	102331	93	28.08	1.33	1.23	364.85
40	211	26.8	100852	39.87	100849	38.96	102596	93	28.18	1.32	2.42	364.93
41	208	26.8	100855	39.87	100849	39.54	102549	93	28.08	1.33	1.38	364.97
42	208	26.8	100851	39.46	100852	38.96	102324	93	28.18	1.34	1.87	365.08
43	213	26.8	100855	39.54	100847	39.46	101424	92	28.08	1.32	1.6	365.15
44	212	26.8	100850	39.04	100853	39.54	100526	91	28.18	1.32	1.8	365.21
45	208	26.8	100844	39.87	100850	39.87	99223	90	28.18	1.33	2.41	365.33
46	208	26.8	100855	39.62	100851	39.29	95381	86	27.94	1.33	2.74	365.58
47	209	26.8	100850	39.46	100851	39.54	92299	83	28.13	1.32	1.0	365.48
48	210	26.8	100854	39.62	100843	39.37	94669	86	28.18	1.32	2.36	365.69
49	209	26.8	100851	40.21	100848	39.71	93185	84	28.18	1.34	0.94	365.66
50	207	26.8	100848	39.46	100848	39.62	92508	84	28.08	1.31	3.84	366.1
51	208	26.8	100851	39.87	100849	39.71	91840	83	28.13	1.32	2.67	366.32
52	210	26.8	100850	39.46	100850	39.71	101749	92	28.13	1.33	0.99	366.28
53	212	26.8	100847	39.29	100852	39.71	101501	92	28.13	1.31	1.78	366.37
54	210	26.9	100850	39.71	100851	40.13	100683	91	28.13	1.34	1.9	366.47
55	209	26.8	100853	39.62	100849	39.71	100156	91	28.04	1.32	2.22	366.64
56	208	26.9	100850	38.87	100852	39.46	99341	90	28.18	1.31	2.83	366.4
57	207	26.9	100851	39.54	100845	39.96	99717	90	28.18	1.32	2.74	366.65
58	208	26.9	100853	39.21	100853	39.62	100325	91	28.08	1.33	5.66	367.32
59	207	26.9	100846	39.54	100856	40.04	101146	91	28.08	1.32	2.22	367.13
60	208	26.9	100856	39.46	100849	40.13	101600	92	28.22	1.32	1.5	367.17
61	208	26.9	100849	40.54	100848	39.46	101548	92	28.04	1.32	1.11	367.09
62	208	26.9	100849	39.37	100849	39.71	101760	92	28.13	1.32	1.64	367.16
63	207	26.9	100851	38.79	100855	39.04	101946	92	28.13	1.32	1.52	367.21
64	208	26.9	100850	39.71	100853	39.79	102004	92	28.13	1.32	1.4	367.23
65	209	26.9	100848	39.29	100851	39.71	101741	92	28.13	1.33	1.93	367.34
66	207	26.9	100857	39.21	100855	39.04	101958	92	28.04	1.33	2.02	367.47
67	208	26.9	100853	39.29	100857	39.29	102114	92	28.13	1.33	1.14	367.45
68	212	26.9	100858	39.04	100853	38.7	102323	93	28.04	1.33	1.89	367.54
69	207	26.9	100852	38.96	100855	39.62	101937	92	28.04	1.33	1.52	367.6
70	208	26.9	100852	39.54	100851	39.87	101891	92	28.13	1.33	2.05	367.69
71	209	26.9	100849	39.79	100853	39.54	101888	92	28.18	1.31	2.28	367.86
72	208	26.9	100857	39.29	100851	39.87	101938	92	28.13	1.32	2.74	368.09
73	208	26.9	100838	39.96	100854	39.62	101584	92	28.22	1.34	1.05	368.05
74	210	26.9	100854	39.37	100854	39.46	101722	92	28.13	1.32	1.64	368.08
75	208	26.9	100849	39.46	100855	39.46	101847	92	28.13	1.32	2.89	368.34
76	212	26.9	100857	40.04	100850	39.71	101901	92	28.13	1.33	2.46	368.44
77	208	26.9	100849	40.04	100851	39.21	101676	92	28.13	1.32	1.72	368.51
78	210	26.9	100858	39.04	100854	39.71	101578	92	28.04	1.33	3.03	368.79
79	211	26.9	100854	39.54	100856	38.96	101632	92	28.04	1.32	0.83	368.68
80	209	26.9	100850	39.37	100857	39.87	101735	92	28.13	1.32	5.35	368.16
81	210	26.9	100858	39.29	100859	39.21	101775	92	28.22	1.31	3.68	368.45
82	211	26.9	100847	39.62	100851	39.46	101432	92	28.18	1.3	3.41	368.81
83	210	26.9	100848	39.37	100853	39.04	101489	92	28.08	1.33	5.06	368.37
84	209	26.9	100852	39.29	100854	39.21	101617	92	28.08	1.3	1.11	368.29
85	207	26.9	100852	39.29	100852	39.54	101616	92	28.08	1.31	3.51	368.66
86	206	26.9	100858	39.46	100852	39.46	101271	92	28.18	1.32	1.94	368.68
87	206	26.9	100858	39.21	100856	39.12	101355	92	28.08	1.32	3.14	368.73
88	208	26.9	100854	39.54	100854	39.37	101317	92	28.08	1.33	1.17	368.72
89	206	26.9	100852	39.12	100855	39.54	101408	92	28.08	1.34	2.86	368.97
90	208	26.9	100860	39.04	100855	39.46	101083	91	28.18	1.32	1.35	369.0
91	217	26.9	100855	39.29	100855	39.46	101195	91	28.18	1.31	2.47	369.2
92	208	26.9	100849	39.29	100853	39.21	101285	92	28.08	1.31	5.41	368.68
93	208	26.9	100853	39.29	100859	39.04	101398	92	28.04	1.43	50.8	370.2
94	208	26.9	100854	38.96	100850	39.12	101176	91	28.18	1.47	33.95	375.38
95	208	26.9	100862	39.46	100855	39.62	101327	92	28.18	1.34	23.58	372.4
96	208	26.9	100851	39.04	100848	39.21	100983	91	28.22	1.34	1.91	372.55
97	208	26.9	100854	39.21	100853	39.54	101381	92	28.22	1.34	3.08	372.41
98	213	26.9	100855	39.37	100856	39.79	100650	91	28.13	1.34	1.6	372.4
99	213	26.9	100851	40.04	100852	39.21	100806	91	28.22	1.33	7.14	373.36
100	208	26.9	100852	40.04	100853	39.54	100899	91	28.13	1.31	5.05	373.02
101	208	26.9	100854	39.12	100852	39.87	101221	92	28.13	1.3	2.62	372.63
102	209	26.9	100848	39.54	100849	39.79	101000	91	28.08	1.32	3.87	373.06
103	209	26.9	100848	39.87	100852	39.62	101097	91	28.08	1.32	3.66	373.47
104	209	26.9	100854	39.96	100854	39.29	101176	91	28.08	1.3	1.4	373.52
105	209	26.9	100857	39.62	100853	39.12	101185	91	28.18	1.32	1.76	373.27
106	209	26.9	100852	39.62	100850	39.54	100912	91	28.13	1.32	3.08	373.58
107	209	26.9	100852	39.37	100852	39.54	101191	91	28.13	1.34	5.21	372.57
108	209	26.9	100853	39.87	100848	39.37	101295	92	28.27	1.36	7.2	371.22
109	210	26.9	100854	39.87	100849	39.54	101365	92	28.08	1.34	2.54	370.96
110	209	26.9	100852	40.04	100848	39.37	101046	91	28.08	1.31	1.54	371.06
111	208	26.9	100853	39.54	100851	39.79	101172	91	28.18	1.46	18.48	370.45
112	212	26.9	100854	39.29	100851	39.71	101261	92	28.13	1.35	1.0	370.46
113	207	26.9	100851	39.54	100851	39.12	101018	91	28.13	1.34	3.06	370.15
114	207	26.9	100849	39.21	100858	39.54	100988	91	28.08	1.33	1.74	370.28
115	209	26.9	100849	39.37	100854	39.21	101060	91	28.18	1.32	2.57	370.54
116	208	26.9	100851	39.37	100854	38.87	101105	91	28.13	1.33	3.19	370.24
117	207	26.9	100850	39.87	100851	39.62	100716	91	28.13	1.31	2.56	370.52
118	208	26.9	100852	39.37	100858	38.87	100846	91	28.08	1.33	3.11	370.7
119	209	26.9	100851	39.46	100853	39.37	100815	91	28.08	1.34	1.34	370.66
120	208	26.9	100851	39.62	100859	39.62	100904	91	28.08	1.35	1.23	370.62
121	208	26.9	100851	39.96	100845	39.29	100542	91	28.13	1.33	0.47	370.57
122	206	26.9	100850	39.71	100854	39.79	100693	91	28.04	1.33	0.4	370.39
123	207	26.9	100854	39.04	100859	38.96	100708	91	28.22	1.33	5.83	371.15
124	206	26.9	100853	39.04	100854	39.37	100761	91	28.08	1.33	4.62	371.6
125	206	26.9	100850	40.13	100855	39.54	100595	91	28.08	1.34	1.49	371.69
126	208	26.9	100858	39.21	100851	38.87	100749	91	28.18	1.32	1.02	371.72
127	206	26.9	100856	39.62	100854	39.46	100871	91	28.18	1.27	9.81	372.0
128	207	26.9	100853	39.62	100852	40.04	100761	91	28.22	1.31	1.16	372.02
129	208	26.9	100847	39.54	100852	39.37	100667	91	28.04	1.33	1.76	372.16
130	207	26.9	100846	39.46	100853	39.46	100690	91	28.22	1.33	0.48	372.03
131	207	26.9	100845	39.71	100854	39.54	100779	91	28.08	1.33	1.06	371.99
132	209	26.9	100860	39.29	100847	39.46	100512	91	28.08	1.37	3.7	372.01
133	210	26.9	100856	39.37	100851	39.12	100791	91	28.18	1.32	3.75	372.46
134	209	26.9	100850	39.62	100849	39.79	100952	91	28.18	1.3	1.74	372.4
135	208	26.9	100844	39.37	100846	39.37	100855	91	28.13	1.34	1.35	372.21
136	209	26.9	100855	39.79	100845	39.71	100711	91	28.08	1.33	7.44	373.32
137	210	26.9	100853	39.46	100852	39.46	100876	91	28.08	1.32	2.34	373.06
138	209	26.9	100853	39.21	100852	39.29	100957	91	28.18	1.33	2.24	373.26
139	213	26.9	100864	38.62	100853	38.79	100653	91	28.13	1.32	2.05	373.33
140	208	27.0	100860	39.29	100853	39.46	100739	91	28.22	1.32	2.83	373.62
141	208	26.9	100857	39.29	100855	39.04	100876	91	28.13	1.34	2.18	373.73
142	210	27.0	100859	39.29	100853	39.12	100921	91	28.27	1.35	1.46	373.79
143	209	26.9	100853	38.87	100859	39.04	100529	91	28.08	1.33	2.2	373.94
144	209	27.0	100859	39.12	100856	39.12	100705	91	28.08	1.32	0.83	373.91
145	210	27.0	100854	38.87	100862	38.87	100793	91	28.18	1.32	5.58	373.81
146	209	27.0	100865	38.87	100861	38.79	100903	91	28.18	1.33	2.19	373.99
147	209	27.0	100856	38.87	100857	39.29	100527	91	28.13	1.34	1.64	373.85
148	210	27.0	100858	39.04	100857	39.54	100676	91	28.13	1.33	2.12	374.02
149	210	27.0	100859	39.37	100852	39.37	100769	91	28.08	1.34	3.17	374.27
150	212	27.0	100855	39.54	100853	39.37	100807	91	28.18	1.32	1.61	374.36
151	211	27.0	100854	39.37	100854	39.29	100519	91	28.08	1.32	1.65	374.18
152	209	27.0	100857	39.54	100846	39.46	100523	91	28.08	1.34	2.39	374.39
153	215	27.0	100851	39.29	100854	39.29	100656	91	28.22	1.34	1.36	374.31
154	208	27.0	100850	39.54	100856	39.21	100782	91	28.22	1.33	1.93	374.45
155	210	27.0	100850	39.62	100850	39.71	100766	91	28.13	1.34	1.32	374.45
156	209	27.0	100852	39.29	100856	39.62	100595	91	28.18	1.34	2.73	374.71
157	209	27.0	100848	39.62	100852	39.62	100914	91	28.08	1.33	1.54	374.61
158	208	27.0	100850	39.54	100851	39.87	101116	91	28.13	1.34	2.68	374.87
159	208	27.0	100853	39.71	100847	39.79	100973	91	28.22	1.33	1.53	374.92
160	215	27.0	100851	39.54	100847	39.87	100868	91	28.13	1.33	6.48	375.33
161	211	27.0	100851	39.87	100854	39.37	100990	91	28.18	1.31	2.56	375.22
162	208	27.0	100847	39.79	100848	39.71	101370	92	28.08	1.38	31.79	373.72
163	210	27.0	100847	39.37	100851	39.12	101418	92	28.18	1.32	8.77	367.8
164	208	27.0	100853	39.37	100853	39.04	101307	92	28.13	1.31	16.46	365.14
165	210	27.0	100851	39.79	100858	39.29	101340	92	28.18	1.35	5.46	365.48
166	208	27.0	100856	39.29	100854	39.54	101359	92	28.18	1.34	7.28	366.59
167	210	27.0	100848	40.04	100850	39.87	101119	91	28.27	1.34	3.05	366.83
168	208	27.0	100855	39.87	100851	39.12	101033	91	28.13	1.34	6.08	366.9
169	206	27.0	100855	39.46	100858	39.29	101081	91	28.13	1.36	9.64	366.2
170	207	27.0	100852	39.54	100852	39.54	101359	92	28.18	1.31	11.6	366.98
171	208	27.0	100852	39.46	100852	39.62	100762	91	28.13	1.35	4.82	366.72
172	212	27.0	100851	39.04	100844	39.37	100801	91	28.18	1.33	1.13	366.81
173	212	27.0	100855	39.54	100856	39.62	101022	91	28.18	1.31	6.62	365.99
174	213	27.0	100849	39.54	100849	39.62	101146	91	28.08	1.33	5.28	366.79
175	211	27.0	100855	39.46	100853	39.54	100792	91	28.08	1.32	7.19	365.75
176	212	27.0	100854	39.46	100851	39.79	100957	91	28.18	1.34	2.96	366.2
177	213	27.0	100854	39.21	100852	39.71	101142	91	28.08	1.33	1.01	366.26
178	208	27.0	100851	39.54	100848	39.12	101241	92	28.13	1.28	20.72	356.23
179	209	27.0	100854	39.54	100852	40.04	100909	91	28.18	1.35	3.06	356.89
180	213	27.0	100852	39.37	100854	39.21	101015	91	28.18	1.37	5.98	357.92
181	220	27.0	100852	39.21	100858	39.37	101154	91	28.13	1.3	4.02	357.5
182	212	27.0	100854	39.54	100853	38.96	101004	91	28.22	1.34	2.28	357.45
183	210	27.0	100849	39.62	100855	39.79	100650	91	28.22	1.35	2.28	357.94
184	209	27.0	100848	39.46	100850	39.29	100791	91	28.22	1.31	20.63	360.57
185	208	27.0	100853	39.54	100852	39.87	100815	91	28.27	1.32	1.08	360.55
186	208	27.0	100847	39.54	100852	39.62	100823	91	28.18	1.32	3.93	361.1
187	211	27.0	100848	39.37	100852	39.62	100571	91	28.18	1.33	4.59	361.93
188	210	27.0	100849	39.54	100849	39.46	100664	91	28.08	1.32	3.89	362.56
189	210	27.0	100848	39.54	100853	39.54	100715	91	28.13	1.17	27.52	358.32
190	210	27.0	100848	39.79	100845	39.21	100772	91	28.13	1.36	2.48	358.5
191	211	27.0	100853	39.37	100856	39.37	100571	91	28.27	1.3	8.13	358.96
192	210	27.0	100855	39.12	100848	39.12	100555	91	28.18	1.33	1.16	359.23
193	208	27.0	100850	39.29	100856	38.62	100797	91	28.08	1.34	1.37	359.57
194	208	27.0	100852	39.21	100847	39.54	100913	91	28.08	1.33	0.8	359.81
195	216	27.0	100850	39.54	100848	39.54	100728	91	28.18	1.32	1.09	359.96
196	208	27.0	100848	40.04	100856	39.87	100738	91	28.13	1.33	1.07	360.06
197	208	27.0	100847	39.54	100856	39.71	100860	91	28.18	1.33	1.05	360.33
198	208	27.0	100847	39.37	100852	38.79	101013	91	28.22	1.33	2.91	360.68
199	209	27.0	100855	39.46	100845	39.62	100741	91	28.13	1.33	0.8	360.87
200	211	27.0	100851	39.37	100857	39.37	100621	91	28.08	1.34	0.68	361.08
201	210	27.0	100848	39.79	100848	39.46	100751	91	28.18	1.35	1.38	361.37
202	207	27.0	100857	39.62	100850	40.13	100834	91	28.08	1.34	1.95	361.38
203	209	27.0	100849	39.54	100850	40.21	100542	91	28.08	1.35	1.58	361.69
204	207	27.0	100846	40.63	100848	39.37	100592	91	28.13	1.34	0.51	361.83
205	211	27.0	100853	39.46	100847	39.37	100751	91	28.22	1.36	1.93	362.17
206	211	27.0	100849	39.62	100850	39.54	100806	91	28.22	1.35	1.7	362.12
207	212	27.0	100851	39.12	100852	39.04	100684	91	28.18	1.35	0.71	362.26
208	214	27.0	100855	39.04	100851	39.12	100876	91	28.08	1.35	1.37	362.51
209	214	27.0	100852	39.79	100855	39.37	101593	92	28.08	1.35	1.02	362.72
210	212	27.0	100845	40.13	100852	39.62	101751	92	28.18	1.35	0.72	362.66
211	212	27.0	100850	38.87	100850	38.7	101502	92	28.18	1.34	0.32	362.72
212	214	27.0	100853	39.21	100856	39.21	100078	90	28.22	1.34	2.15	363.1
213	214	27.0	100850	39.46	100857	38.7	101593	92	28.13	1.34	2.3	363.43
214	213	27.0	100859	38.96	100862	38.96	99487	90	28.13	1.34	1.49	363.69
215	211	27.0	100849	39.79	100855	39.21	98744	89	28.18	1.36	1.73	363.99
216	211	27.0	100863	38.96	100854	38.96	98475	89	28.18	1.35	0.76	364.13
217	213	27.0	100851	39.54	100859	38.96	99286	90	28.13	1.33	2.97	364.58
218	215	27.0	100856	39.71	100854	38.96	99635	90	28.18	1.34	0.86	364.72
219	212	27.0	100856	39.46	100859	39.21	99868	90	28.22	1.36	2.56	365.12
220	212	27.0	100854	39.54	100850	39.29	99489	90	28.13	1.34	0.91	365.27
221	214	27.0	100860	39.62	100855	39.46	99509	90	28.04	1.36	2.82	365.71
222	215	27.0	100847	38.96	100858	38.62	99776	90	28.18	1.35	1.38	365.92
223	215	27.0	100852	39.79	100856	39.37	99952	90	28.22	1.33	2.92	366.31
224	212	27.0	100853	39.37	100854	39.12	99670	90	28.22	1.34	1.34	366.5
225	213	27.0	100853	39.37	100864	38.79	99520	90	28.18	1.35	2.13	366.83
226	216	27.0	100862	39.12	100855	39.37	99905	90	28.22	1.35	1.11	366.98
227	216	27.0	100850	39.62	100854	39.87	100049	90	28.22	1.35	1.51	367.19
228	213	27.0	100851	39.87	100845	39.79	100004	90	28.13	1.35	1.96	367.47
229	213	27.0	100848	39.46	100854	39.62	100041	90	28.13	1.35	2.05	367.77
230	213	27.0	100851	39.79	100850	39.12	100491	91	28.22	1.33	1.11	367.89
231	215	27.0	100844	39.04	100853	39.87	100777	91	28.18	1.35	2.79	368.29
232	213	27.0	100847	40.13	100855	39.62	100792	91	28.27	1.35	2.07	368.58
233	211	27.0	100850	39.12	100850	38.96	100422	91	28.08	1.33	0.74	368.66
234	210	27.0	100847	39.54	100849	39.37	100659	91	28.18	1.34	2.1	368.95
235	210	27.0	100851	39.62	100852	39.37	100785	91	28.22	1.35	2.57	369.13
236	210	27.0	100860	38.96	100839	40.04	100599	91	28.18	1.36	0.61	369.15
237	214	27.0	100847	40.21	100850	39.96	100498	91	28.22	1.35	1.47	369.33
238	211	27.0	100849	39.21	100848	39.12	101003	91	28.13	1.33	1.69	369.55
239	209	27.0	100846	39.71	100852	39.96	101104	91	28.22	1.35	2.1	369.81
240	220	27.0	100851	40.54	100851	39.46	100922	91	28.08	1.34	1.19	369.86
241	215	27.0	100847	40.13	100838	39.79	100970	91	28.18	1.35	1.6	370.05
242	209	27.0	100852	40.54	100853	39.96	101023	91	28.18	1.34	1.67	370.25
243	209	27.0	100847	39.71	100849	39.46	101132	91	28.18	1.34	1.09	370.33
244	209	27.0	100850	39.87	100853	39.54	100848	91	28.18	1.34	1.72	370.53
245	210	27.0	100846	39.62	100852	39.62	100630	91	28.13	1.34	1.17	370.61
246	211	27.0	100849	39.87	100856	39.71	100690	91	28.13	1.34	1.11	370.69
247	210	27.0	100854	39.62	100855	39.62	101115	91	28.13	1.33	1.32	370.77
248	217	27.0	100848	40.04	100847	39.46	100459	91	28.22	1.34	2.6	371.11
249	210	27.0	100844	39.96	100843	39.79	100546	91	28.18	1.35	1.26	371.23
250	214	27.0	100847	40.21	100848	40.04	100690	91	28.18	1.35	1.36	371.15
251	213	27.0	100857	39.12	100847	39.21	100883	91	28.18	1.36	3.31	371.59
252	211	27.0	100855	39.46	100856	39.21	100563	91	28.18	1.36	4.63	371.93
253	211	27.0	100845	39.12	100853	39.46	100760	91	28.13	1.34	0.9	371.93
254	212	27.0	100848	39.37	100847	39.87	100967	91	28.22	1.33	3.51	371.9
255	211	27.0	100847	39.96	100844	39.62	101134	91	28.22	1.32	0.93	371.96
256	213	27.0	100853	39.87	100852	39.87	100794	91	28.13	1.35	1.47	371.91
257	213	27.0	100849	39.29	100847	39.54	100828	91	28.13	1.35	1.89	372.11
258	213	27.0	100855	39.87	100850	39.21	100967	91	28.18	1.35	2.41	372.39
259	213	27.0	100854	39.37	100852	39.37	100964	91	28.18	1.35	1.43	372.51
260	214	27.0	100855	39.71	100844	39.62	100519	91	28.18	1.35	1.54	372.65
261	214	27.0	100850	39.96	100844	40.21	100652	91	28.13	1.34	1.2	372.74
262	217	27.0	100852	39.62	100846	39.96	100755	91	28.13	1.35	2.09	372.97
263	214	27.0	100846	39.87	100847	39.54	100851	91	28.22	1.35	2.86	373.31
264	218	27.0	100853	39.29	100853	39.79	100349	91	28.13	1.36	0.79	373.31
265	217	27.0	100847	40.13	100850	39.79	100525	91	28.13	1.34	2.28	373.57
266	217	27.0	100847	39.12	100852	39.79	100600	91	28.18	1.35	1.32	373.66
267	215	27.0	100850	39.54	100847	39.54	100700	91	28.13	1.34	2.18	373.91
268	216	27.0	100845	39.29	100853	39.37	100163	91	28.13	1.37	1.69	374.04
269	227	27.0	100853	39.37	100850	39.71	100512	91	28.22	1.35	1.98	374.23
270	223	27.0	100850	39.79	100850	39.29	100681	91	28.13	1.34	1.07	374.2
271	216	27.0	100853	39.87	100857	39.71	100863	91	28.18	1.37	2.6	374.47
272	214	27.0	100843	39.37	100852	39.71	100429	91	28.18	1.36	2.5	374.73
273	215	27.0	100846	39.46	100851	39.71	100615	91	28.08	1.34	2.59	374.42
274	215	27.0	100852	38.96	100853	39.62	100704	91	28.08	1.35	1.99	374.61
275	215	27.0	100854	39.37	100851	39.62	100938	91	28.27	1.35	4.09	375.11
276	215	27.0	100854	39.79	100844	40.54	100458	91	28.22	1.35	1.87	375.24
277	218	27.0	100843	39.21	100852	39.37	100579	91	28.13	1.31	9.1	375.4
278	217	27.0	100847	39.37	100850	39.79	100596	91	28.13	1.35	4.39	375.94
279	217	27.0	100849	39.71	100850	39.37	100693	91	28.18	1.36	1.84	375.56
280	221	27.0	100853	39.37	100852	39.62	100414	91	28.08	1.35	3.64	375.98
281	219	27.0	100852	39.46	100847	40.13	100287	91	28.18	1.34	1.03	376.0
282	217	27.0	100852	39.87	100855	39.62	100374	91	28.18	1.34	1.99	375.94
283	214	27.0	100839	39.71	100849	39.46	100495	91	28.18	1.34	1.81	375.9
284	220	27.0	100854	39.87	100849	39.71	100503	91	28.18	1.36	2.7	376.16
285	218	27.0	100854	39.12	100856	39.12	100115	91	28.08	1.35	1.55	376.25
286	216	27.0	100852	39.46	100853	39.62	100346	91	28.13	1.35	1.25	376.29
287	216	27.0	100855	39.71	100851	39.21	100567	91	28.13	1.33	1.75	376.36
288	219	27.0	100846	39.62	100856	39.12	100730	91	28.13	1.34	2.48	376.6
289	216	27.0	100850	39.79	100855	39.54	100301	91	28.18	1.34	2.89	376.95
290	219	27.0	100850	39.54	100849	39.21	100464	91	28.18	1.34	2.15	377.07
291	217	27.0	100853	39.29	100855	39.46	100656	91	28.18	1.34	0.88	377.04
292	216	27.0	100852	39.37	100850	39.71	100804	91	28.18	1.34	2.39	377.26
293	213	27.0	100852	39.71	100851	39.46	100396	91	28.13	1.33	2.94	377.58
294	213	27.0	100849	39.46	100847	39.87	100515	91	28.18	1.35	1.66	377.63
295	211	27.0	100861	39.21	100856	39.37	100603	91	28.13	1.35	1.1	377.48
296	211	27.0	100856	39.21	100853	39.87	100709	91	28.18	1.33	2.59	377.73
297	212	27.0	100849	40.21	100853	39.87	100365	91	28.08	1.35	0.85	377.54
298	212	27.0	100848	39.62	100854	39.62	100428	91	28.18	1.35	1.35	377.57
299	213	27.0	100846	39.46	100851	39.96	100520	91	28.18	1.35	1.32	377.51
300	212	27.0	100852	39.54	100856	39.71	100622	91	28.18	1.34	3.02	377.84
301	215	27.0	100855	39.62	100852	39.62	100403	91	28.18	1.34	1.34	377.89
302	213	27.0	100851	39.79	100845	39.87	100428	91	28.18	1.33	1.78	378.02
303	214	27.0	100854	39.87	100847	39.79	100385	91	28.13	1.34	1.58	378.09
304	213	27.0	100848	39.71	100852	39.62	100559	91	28.13	1.35	2.05	378.25
305	216	27.0	100854	39.37	100852	39.54	100569	91	28.13	1.35	0.64	378.16
306	221	27.0	100851	39.87	100852	39.46	100253	91	28.18	1.35	0.93	378.1
307	212	27.0	100848	39.54	100852	39.71	100532	91	28.18	1.34	1.96	378.25
308	212	27.0	100850	39.21	100848	39.21	100722	91	28.18	1.34	1.26	378.28
309	212	27.0	100852	39.46	100852	39.46	100895	91	28.18	1.35	1.73	378.39
310	215	27.0	100853	39.71	100853	39.21	100433	91	28.13	1.34	1.63	378.49
311	215	27.0	100856	39.71	100845	39.87	100558	91	28.18	1.37	0.9	378.45
312	214	27.0	100851	39.54	100847	39.96	100708	91	28.08	1.34	1.57	378.53
313	215	27.0	100852	39.37	100857	38.87	100765	91	28.27	1.35	2.59	378.78
314	214	27.0	100852	39.71	100853	39.96	100408	91	28.08	1.35	1.71	378.86
315	212	27.0	100850	39.71	100848	39.71	100544	91	28.18	1.35	2.01	379.0
316	216	27.0	100846	39.54	100850	39.37	100708	91	28.13	1.33	1.99	379.15
317	212	27.0	100855	39.79	100844	39.79	100611	91	28.13	1.35	3.87	379.58
318	212	27.0	100846	39.96	100853	39.87	100262	91	28.22	1.35	0.47	379.44
319	214	27.0	100844	39.54	100844	39.87	100383	91	28.18	1.35	1.52	379.5
320	213	27.0	100847	39.79	100848	39.62	100531	91	28.18	1.35	1.78	379.6
321	214	27.0	100853	38.62	100850	39.12	100559	91	28.18	1.35	0.28	379.39
322	215	27.0	100849	39.37	100850	39.12	100165	91	28.18	1.34	2.22	379.57
323	213	27.0	100847	39.46	100849	40.13	100367	91	28.13	1.36	1.83	379.4
324	214	27.0	100847	39.79	100850	39.71	100571	91	28.13	1.35	2.67	379.65
325	217	27.0	100846	39.71	100849	40.13	100556	91	28.22	1.36	1.61	379.71
326	215	27.0	100847	39.87	100851	40.04	100239	91	28.08	1.35	2.52	379.85
327	217	27.0	100852	39.71	100853	39.46	100380	91	28.18	1.35	1.54	379.76
328	218	27.0	100846	39.71	100847	39.96	100615	91	28.27	1.33	0.95	379.53
329	223	27.0	100854	39.21	100848	39.79	100620	91	28.18	1.34	2.19	379.71
330	216	27.0	100855	39.62	100853	39.79	100191	91	28.08	1.35	2.51	379.94
331	214	27.0	100847	40.13	100851	39.54	100310	91	28.08	1.35	2.23	379.53
332	215	27.0	100849	39.62	100850	39.87	100487	91	28.18	1.35	2.39	379.71
333	216	27.0	100851	39.29	100850	39.71	100321	91	28.04	1.36	1.76	379.82
334	219	27.0	100846	39.96	100849	39.79	100178	91	28.27	1.34	1.06	379.84
335	219	27.0	100852	39.46	100851	39.46	100313	91	28.18	1.35	3.02	380.13
336	224	27.0	100850	39.71	100851	39.62	100397	91	28.18	1.28	14.98	370.5
337	220	27.0	100846	39.54	100851	39.46	100159	91	28.04	1.43	7.55	371.58
338	219	27.0	100849	39.46	100850	40.04	99871	90	28.18	1.35	4.91	372.35
339	219	27.0	100844	39.96	100850	39.87	99920	90	28.22	1.35	2.58	372.0
340	217	27.0	100849	39.87	100850	39.87	100031	90	28.13	1.35	1.26	372.19
341	217	27.0	100851	39.71	100853	40.04	99909	90	28.22	1.36	1.55	372.4
342	217	27.0	100850	39.29	100848	39.79	99669	90	28.18	1.34	3.95	373.0
343	215	27.0	100855	38.96	100846	39.71	99932	90	28.08	1.35	2.04	373.29
344	216	27.0	100853	39.62	100848	39.62	100135	91	28.08	1.35	3.5	373.05
345	208	27.0	100847	39.21	100849	39.87	100002	90	28.18	1.36	10.13	374.44
346	207	27.0	100853	39.71	100852	40.21	99802	90	28.18	1.36	2.6	374.8
347	207	27.0	100848	39.79	100844	40.04	100027	90	28.13	1.35	2.41	374.71
348	210	27.0	100847	39.87	100852	39.29	100258	91	28.13	1.35	1.72	374.58
349	212	27.0	100845	39.96	100838	39.79	99717	90	28.22	1.35	2.59	374.94
350	207	27.0	100846	40.13	100844	40.71	99698	90	28.08	1.36	1.32	375.09
351	208	27.1	100846	40.13	100845	40.04	99832	90	28.13	1.35	3.78	375.62
352	215	27.0	100851	39.62	100849	39.29	100088	90	28.13	1.36	1.23	375.75
353	205	27.0	100844	40.21	100844	40.54	99451	90	28.22	1.36	2.09	375.77
354	207	27.0	100847	40.13	100844	39.71	99667	90	28.13	1.34	3.25	376.15
355	207	27.0	100839	40.13	100845	39.54	99816	90	28.22	1.35	3.19	375.9
356	207	27.0	100843	40.13	100837	39.71	100056	90	28.18	1.37	8.22	377.04
357	210	27.1	100839	40.54	100852	39.62	99368	90	28.18	1.34	2.56	377.4
358	209	27.0	100851	39.87	100852	39.46	99658	90	28.18	1.36	0.89	377.44
359	206	27.1	100844	39.71	100844	39.62	99834	90	28.18	1.36	0.56	377.42
360	220	27.1	100850	39.54	100851	39.54	99998	90	28.18	1.38	2.19	377.65
361	215	27.0	100851	40.13	100850	39.62	99501	90	28.08	1.37	2.24	377.9
362	209	27.1	100860	39.12	100851	39.62	99667	90	28.13	1.35	1.52	378.04
363	205	27.1	100849	39.54	100857	39.87	99834	90	28.13	1.36	2.76	378.35
364	204	27.1	100854	39.46	100856	38.96	100120	91	28.08	1.35	1.41	378.31
365	204	27.1	100854	39.12	100862	38.87	99955	90	28.18	1.35	0.94	378.36
366	205	27.1	100856	39.71	100848	39.54	99809	90	28.18	1.36	1.51	378.47
367	207	27.1	100844	39.46	100851	38.87	100186	91	28.18	1.35	1.69	378.63
368	205	27.1	100851	38.96	100857	39.46	100363	91	28.18	1.35	1.78	378.8
369	206	27.1	100857	38.96	100851	39.37	100226	91	28.22	1.35	2.05	379.01
370	205	27.1	100849	39.54	100853	39.46	99933	90	28.13	1.35	2.01	379.21
371	205	27.1	100852	39.37	100851	39.46	100162	91	28.22	1.36	1.82	379.02
372	204	27.1	100850	39.37	100844	39.46	100310	91	28.22	1.35	13.2	380.99
373	207	27.1	100847	39.96	100857	39.12	100055	90	28.08	1.35	1.18	380.79
374	209	27.1	100852	39.54	100856	39.04	99702	90	28.18	1.35	4.96	379.96
375	207	27.1	100854	39.04	100856	39.29	99819	90	28.18	1.39	0.76	379.75
376	217	27.1	100860	38.87	100852	39.37	99889	90	28.18	1.4	7.46	380.77
377	203	27.1	100856	39.29	100854	39.04	99656	90	28.18	1.37	5.08	381.42
378	216	27.1	100849	39.71	100848	39.62	99400	90	28.18	1.36	1.29	381.32
379	215	27.1	100855	39.29	100851	39.21	99571	90	28.18	1.38	3.34	381.56
380	210	27.1	100854	39.87	100851	39.37	99726	90	28.18	1.35	1.46	381.28
381	207	27.1	100848	39.62	100850	39.96	99244	90	28.13	1.35	6.13	380.34
382	205	27.1	100851	39.37	100846	39.21	99717	90	28.08	1.37	2.06	380.51
383	205	27.1	100852	39.79	100849	39.71	99851	90	28.18	1.35	1.99	380.69
384	204	27.1	100852	39.29	100848	39.79	100200	91	28.13	1.39	3.03	380.92
385	210	27.1	100848	39.54	100854	39.62	99686	90	28.13	1.37	3.79	381.38
386	205	27.1	100853	39.37	100852	39.96	99931	90	28.08	1.39	1.31	381.41
387	205	27.1	100849	39.71	100847	39.71	99851	90	28.18	1.38	7.99	380.94
388	206	27.1	100850	39.79	100857	39.54	100059	90	28.22	1.39	2.45	381.15
389	205	27.1	100851	39.46	100854	39.96	99762	90	28.18	1.39	3.12	381.48
390	205	27.1	100852	39.54	100852	39.54	99884	90	28.18	1.38	1.17	381.44
391	206	27.1	100850	39.79	100850	39.71	100155	91	28.22	1.36	1.61	381.43
392	205	27.1	100850	39.54	100852	39.62	99625	90	28.13	1.39	3.37	381.79
393	199	27.1	100850	39.87	100846	39.54	99781	90	28.13	1.37	2.13	381.95
394	198	27.1	100851	39.46	100853	39.71	99946	90	28.18	1.37	0.75	381.74
395	201	27.1	100848	39.62	100851	39.87	99720	90	28.22	1.37	5.91	382.46
396	202	27.1	100854	39.46	100846	39.71	99625	90	28.22	1.37	1.38	382.5
397	220	27.1	100855	39.46	100845	39.96	99859	90	28.18	1.38	0.45	382.33
398	207	27.1	100851	39.54	100846	39.71	100028	90	28.08	1.38	1.02	382.22
399	206	27.1	100852	39.21	100847	39.79	99625	90	28.04	1.37	4.01	382.67
400	211	27.1	100846	39.29	100851	39.62	99843	90	28.08	1.38	0.98	382.49
401	222	27.1	100852	39.46	100856	39.62	99965	90	28.18	1.36	1.29	382.37
402	216	27.1	100848	39.37	100849	39.54	99980	90	28.18	1.37	1.81	382.47
403	218	27.1	100846	39.71	100848	39.79	99630	90	28.18	1.38	3.26	382.7
404	215	27.1	100846	39.71	100849	40.13	99905	90	28.18	1.37	1.93	382.49
405	208	27.1	100850	39.62	100847	39.62	100100	91	28.08	1.37	0.93	382.46
406	209	27.1	100848	39.54	100851	39.46	100043	90	28.08	1.38	2.0	382.44
407	209	27.1	100848	39.04	100851	39.54	99971	90	28.27	1.37	0.57	382.36
408	208	27.1	100851	40.13	100850	39.54	100242	91	28.13	1.38	3.9	382.79
409	206	27.1	100848	40.04	100850	39.79	100586	91	28.08	1.39	3.42	383.02
410	221	27.1	100847	39.79	100846	40.63	100402	91	28.08	1.38	1.03	382.92
411	211	27.1	100843	40.04	100850	39.79	100225	91	28.18	1.38	1.93	383.05
412	212	27.1	100851	40.04	100849	39.54	100440	91	28.18	1.38	1.76	382.96
413	209	27.1	100846	40.21	100851	39.96	100554	91	28.18	1.38	1.17	382.94
414	209	27.1	100854	40.04	100843	39.46	100236	91	28.18	1.38	2.1	383.1
415	210	27.1	100854	39.79	100844	39.96	100221	91	28.22	1.38	2.39	383.29
416	210	27.1	100843	40.13	100849	39.71	100375	91	28.22	1.38	1.16	383.08
417	214	27.1	100848	39.87	100848	39.79	100517	91	28.22	1.38	1.79	383.18
418	213	27.1	100844	40.63	100844	39.87	100069	90	28.18	1.37	9.17	382.95
419	213	27.1	100847	40.63	100847	39.29	100150	91	28.08	1.38	3.43	383.31
420	213	27.1	100852	39.54	100851	39.54	100324	91	28.13	1.38	1.32	383.32
421	212	27.1	100847	39.54	100845	39.46	100403	91	28.22	1.39	1.52	383.37
422	213	27.1	100848	39.29	100852	39.87	100279	91	28.13	1.26	26.84	375.19
423	216	27.1	100849	40.04	100847	39.87	100040	90	28.08	1.38	2.88	375.62
424	221	27.1	100846	39.79	100847	39.79	100260	91	28.18	1.37	1.99	375.9
425	218	27.1	100849	39.54	100850	39.37	100405	91	28.18	1.37	1.54	376.11
426	217	27.1	100857	39.71	100844	39.46	100478	91	28.18	1.38	1.42	376.26
427	229	27.1	100845	39.96	100848	39.71	99994	90	28.04	1.36	1.19	376.17
428	236	27.1	100850	39.54	100848	40.21	100307	91	28.13	1.38	3.5	376.66
429	233	27.1	100844	40.63	100845	40.63	100615	91	28.18	1.38	1.54	376.88
430	233	27.1	100844	39.96	100849	39.79	100713	91	28.18	1.38	1.9	377.12
431	240	27.1	100838	40.13	100838	40.13	100337	91	28.18	1.37	1.79	377.13
432	235	27.1	100845	40.21	100845	40.04	100417	91	28.18	1.37	2.45	377.46
433	231	27.1	100851	40.04	100848	39.37	100616	91	28.22	1.39	1.44	377.55
434	231	27.1	100849	39.54	100846	39.87	100809	91	28.13	1.37	1.99	377.8
435	234	27.1	100845	40.04	100838	40.13	100361	91	28.18	1.37	2.3	378.11
436	226	27.1	100844	39.96	100845	39.62	100313	91	28.18	1.38	1.54	378.25
437	225	27.1	100849	39.46	100851	39.79	100528	91	28.18	1.35	7.49	379.34
438	225	27.1	100845	40.54	100844	39.87	100633	91	28.13	1.38	1.47	379.47
439	227	27.1	100849	39.37	100853	39.62	100459	91	28.13	1.38	1.27	379.32
440	222	27.1	100848	39.79	100846	39.87	100194	91	28.08	1.38	6.85	380.31
441	221	27.1	100851	39.54	100850	39.29	100313	91	28.27	1.37	2.67	380.65
442	221	27.1	100847	39.29	100855	39.37	100437	91	28.18	1.39	19.03	380.22
443	261	27.1	100849	39.96	100849	39.96	100300	91	28.22	1.36	0.93	380.3
444	258	27.1	100849	39.79	100856	39.96	100059	90	28.22	1.36	1.37	380.43
445	252	27.1	100844	39.79	100851	40.13	100365	91	28.18	1.36	3.38	380.89
446	267	27.1	100846	40.13	100846	39.54	100498	91	28.18	1.34	0.68	380.92
447	219	27.1	100844	39.87	100851	39.87	100304	91	28.18	1.35	2.34	380.83
448	221	27.1	100845	40.63	100848	39.79	100237	91	28.22	1.36	3.59	380.51
449	224	27.1	100846	39.87	100848	40.04	100577	91	28.08	1.35	1.83	380.38
450	222	27.1	100847	39.46	100849	39.96	100786	91	28.08	1.36	1.46	380.53
451	218	27.1	100844	39.71	100846	40.04	100905	91	28.18	1.35	4.6	381.2
452	227	27.1	100850	39.96	100847	39.87	101099	91	28.18	1.36	1.87	380.95
453	221	27.1	100844	39.79	100850	39.71	101284	92	28.13	1.34	3.83	381.12
454	226	27.1	100848	39.37	100851	39.54	101591	92	28.22	1.36	2.23	380.96
455	227	27.1	100849	39.87	100849	39.71	101200	92	28.04	1.35	4.05	381.55
456	224	27.1	100846	39.54	100853	39.46	101324	92	28.13	1.34	0.7	381.57
457	227	27.1	100853	39.87	100852	39.96	101675	92	28.13	1.34	3.84	380.89
458	232	27.1	100850	39.62	100849	40.04	102614	93	28.18	1.35	13.21	379.33
459	229	27.1	100853	39.62	100846	39.12	102461	93	28.18	1.33	1.21	379.46
460	229	27.1	100845	40.13	100847	39.79	102704	93	28.22	1.37	0.96	379.47
461	226	27.1	100844	39.79	100850	39.54	102807	93	28.22	1.34	1.47	379.67
462	222	27.1	100849	39.37	100851	40.13	102868	93	28.22	1.36	1.93	379.92
463	231	27.1	100845	39.79	100845	40.13	102258	92	28.08	1.35	0.82	380.01
464	224	27.1	100846	39.12	100852	39.37	101910	92	28.27	1.35	1.35	380.19
465	222	27.1	100846	39.62	100847	39.71	101804	92	28.08	1.34	1.31	380.35
466	219	27.1	100853	39.54	100855	39.54	101740	92	28.08	1.35	2.39	380.67
467	221	27.1	100849	40.04	100845	39.62	101223	92	28.13	1.35	0.99	380.77
468	225	27.1	100837	39.71	100853	39.71	101047	91	28.13	1.35	1.66	380.98
469	220	27.1	100854	39.29	100854	39.54	101184	91	28.13	1.35	1.14	381.1
470	222	27.1	100857	39.71	100851	39.62	101317	92	28.18	1.35	1.22	381.1
471	226	27.1	100848	40.13	100848	39.54	101307	92	28.18	1.34	2.35	381.42
472	225	27.1	100851	39.96	100849	40.13	100905	91	28.18	1.35	1.49	381.59
473	227	27.1	100847	39.29	100845	40.21	101115	91	28.22	1.34	1.01	381.55
474	222	27.1	100849	39.79	100846	39.54	101344	92	28.18	1.34	3.05	381.96
475	223	27.1	100846	39.37	100853	39.54	101394	92	28.08	1.35	1.64	382.15
476	231	27.1	100851	39.62	100853	39.29	100910	91	28.18	1.35	1.29	382.28
477	223	27.1	100849	40.13	100848	39.46	101095	91	28.18	1.36	1.78	382.49
478	224	27.1	100847	39.79	100847	39.54	101344	92	28.18	1.35	0.88	382.55
479	226	27.1	100845	39.79	100844	39.87	101266	92	28.13	1.35	0.62	382.57
480	226	27.1	100844	39.54	100836	39.62	100810	91	28.13	1.34	1.58	382.74
481	228	27.1	100850	39.54	100850	39.54	100995	91	28.13	1.36	1.75	382.95
482	227	27.1	100845	40.04	100847	40.13	101223	92	28.08	1.35	1.22	382.87
483	226	27.1	100847	39.96	100849	39.87	101266	92	28.18	1.34	1.18	382.98
484	224	27.1	100848	39.87	100851	39.62	100680	91	28.18	1.34	1.98	383.22
485	220	27.1	100853	39.79	100849	39.71	100879	91	28.18	1.36	2.56	383.44
486	220	27.1	100851	39.96	100850	39.62	101002	91	28.18	1.35	1.51	383.59
487	226	27.1	100847	39.79	100844	39.87	101065	91	28.13	1.34	4.01	384.14
488	224	27.1	100846	39.71	100845	39.87	100373	91	28.22	1.35	1.52	384.26
489	226	27.1	100852	40.63	100847	39.96	100620	91	28.27	1.34	1.67	384.43
490	229	27.1	100846	39.79	100836	40.04	100836	91	28.18	1.35	2.96	384.79
491	231	27.1	100851	39.37	100851	39.87	100983	91	28.18	1.34	1.83	384.98
492	220	27.1	100845	39.96	100845	39.79	100364	91	28.08	1.35	1.15	384.97
493	219	27.1	100848	40.54	100847	40.13	100715	91	28.22	1.35	1.7	385.13
494	219	27.1	100844	39.87	100835	39.96	100887	91	28.22	1.35	4.24	385.54
495	221	27.1	100844	39.96	100844	39.79	101090	91	28.13	1.34	2.21	385.76
496	218	27.1	100843	40.13	100844	40.13	100467	91	28.18	1.36	1.9	385.97
497	221	27.1	100848	39.79	100845	40.13	100619	91	28.13	1.34	2.63	385.77
498	223	27.1	100852	40.63	100843	39.79	100857	91	28.18	1.35	0.83	385.78
499	226	27.1	100850	39.54	100854	39.79	100962	91	28.13	1.34	1.41	385.89
500	219	27.1	100851	39.79	100849	39.54	100256	91	28.13	1.35	1.87	386.07
501	222	27.1	100847	39.96	100846	39.62	100495	91	28.18	1.35	1.67	386.14
502	218	27.1	100858	39.37	100853	39.71	100601	91	28.18	1.35	0.51	386.1
503	217	27.1	100856	39.04	100847	39.62	100741	91	28.18	1.36	2.51	385.95
504	224	27.1	100844	39.54	100845	39.29	100248	91	28.22	1.35	1.73	386.06
505	221	27.1	100853	40.13	100848	39.71	100380	91	28.13	1.36	1.46	386.17
506	223	27.1	100845	39.96	100845	39.37	100582	91	28.22	1.36	0.8	386.12
507	227	27.1	100847	39.79	100846	40.13	100765	91	28.13	1.34	0.7	386.12
508	225	27.1	100848	40.13	100837	40.54	100518	91	28.18	1.39	6.28	385.85
509	229	27.1	100845	40.13	100844	40.04	100406	91	28.18	1.45	25.33	383.74
510	230	27.1	100847	40.79	100843	40.13	100661	91	28.22	1.42	14.8	383.33
511	233	27.1	100848	39.87	100851	39.62	100891	91	28.13	1.38	17.9	386.01
512	225	27.1	100848	39.79	100851	39.29	100794	91	28.18	1.36	7.85	386.82
513	229	27.1	100848	39.46	100855	40.04	100426	91	28.18	1.36	5.95	387.6
514	219	27.1	100852	39.37	100846	39.62	100595	91	28.08	1.37	14.85	388.59
515	233	27.1	100851	39.62	100850	40.13	100835	91	28.13	1.25	9.49	379.87
516	236	27.1	100848	39.37	100850	39.62	100839	91	28.13	1.36	7.43	379.29
517	238	27.1	100847	40.13	100845	39.96	100403	91	28.22	1.33	7.31	380.05
518	236	27.1	100844	40.63	100844	40.13	100561	91	28.18	1.34	1.33	380.13
519	236	27.1	100843	39.71	100843	40.13	100685	91	28.22	1.37	7.1	379.53
520	247	27.1	100847	39.71	100848	39.71	100326	91	28.13	1.35	6.91	380.62
521	237	27.1	100847	40.04	100846	39.71	100494	91	28.18	1.36	1.14	380.82
522	231	27.1	100843	40.79	100847	39.79	100545	91	28.18	1.36	2.39	381.2
523	233	27.1	100848	40.13	100843	39.96	100755	91	28.18	1.36	4.63	381.91
524	233	27.1	100846	39.87	100846	39.62	100220	91	28.18	1.35	1.7	381.87
525	230	27.1	100839	40.21	100845	40.04	100450	91	28.22	1.35	2.5	382.25
526	230	27.1	100839	40.04	100846	40.71	100640	91	28.13	1.35	1.58	382.42
527	231	27.1	100838	40.54	100836	40.88	100775	91	28.18	1.37	1.23	382.59
528	232	27.1	100845	40.13	100838	40.04	100354	91	28.18	1.35	1.16	382.68
529	230	27.1	100846	40.13	100844	40.71	100554	91	28.22	1.37	2.93	383.11
530	231	27.1	100846	40.04	100844	40.13	100681	91	28.13	1.34	1.73	383.12
531	231	27.1	100844	39.79	100838	40.13	100977	91	28.18	1.34	4.28	383.32
532	233	27.1	100844	39.79	100845	40.04	100656	91	28.18	1.39	7.03	384.35
533	233	27.1	100843	40.04	100837	40.13	100867	91	28.18	1.37	2.01	384.61
534	232	27.1	100844	39.79	100846	40.13	101109	91	28.08	1.35	2.63	384.14
535	237	27.1	100847	40.71	100846	40.04	101400	92	28.27	1.36	2.85	384.54
536	229	27.1	100847	40.04	100846	40.21	100994	91	28.18	1.37	1.32	384.68
537	230	27.1	100847	40.54	100848	40.13	101076	91	28.13	1.37	4.67	385.29
538	233	27.1	100852	40.04	100853	39.79	101208	92	28.13	1.36	0.67	385.12
539	231	27.1	100844	40.04	100849	40.71	101342	92	28.18	1.3	9.51	378.54
540	233	27.1	100845	39.54	100846	39.96	100945	91	28.18	1.36	1.4	378.85
541	233	27.1	100851	39.54	100853	39.62	101026	91	28.13	1.36	0.89	379.05
542	233	27.1	100850	39.79	100846	39.96	101216	92	28.13	1.35	0.89	379.14
543	241	27.1	100847	39.62	100850	39.46	101340	92	28.13	1.34	1.49	379.43
544	235	27.1	100845	39.79	100847	39.87	100973	91	28.18	1.35	0.97	379.65
545	238	27.1	100845	39.96	100839	40.13	101072	91	28.18	1.35	1.14	379.89
546	236	27.1	100850	40.04	100853	39.87	101197	91	28.18	1.36	2.74	380.36
547	235	27.1	100849	40.13	100847	40.13	101333	92	28.18	1.37	1.75	380.67
548	235	27.1	100845	39.71	100846	40.13	101011	91	28.22	1.38	3.16	380.36
549	235	27.1	100847	39.87	100846	40.13	101118	91	28.22	1.38	3.67	380.96
550	239	27.1	100838	40.13	100844	40.04	101214	92	28.08	1.37	2.47	381.36
551	241	27.1	100844	40.13	100837	40.04	101297	92	28.08	1.35	1.86	381.68
552	240	27.1	100845	39.96	100843	39.87	101215	92	28.18	1.36	2.09	381.98
553	248	27.1	100839	39.96	100844	40.63	101118	91	28.18	1.35	4.76	382.73
554	276	27.1	100844	40.04	100847	39.87	101156	91	28.27	1.36	1.58	382.74
555	247	27.1	100845	40.21	100843	40.04	101364	92	28.13	1.36	1.49	382.97
556	248	27.1	100837	40.21	100844	39.71	101414	92	28.13	1.36	0.86	383.09
557	244	27.1	100844	40.54	100843	39.79	101060	91	28.27	1.36	2.67	383.5
558	240	27.1	100850	40.13	100849	40.13	101220	92	28.08	1.36	2.15	383.7
559	239	27.1	100843	40.04	100848	40.54	101329	92	28.08	1.37	1.89	383.97
560	239	27.1	100845	40.79	100845	40.54	101478	92	28.18	1.36	1.17	384.13
561	242	27.1	100850	39.37	100850	39.62	101012	91	28.27	1.36	3.28	384.62
562	238	27.1	100850	39.96	100838	39.54	101131	91	28.18	1.36	1.14	384.6
563	239	27.1	100851	39.87	100851	39.62	101290	92	28.18	1.36	2.09	384.9
564	238	27.1	100850	40.13	100850	39.87	101362	92	28.18	1.37	7.92	386.08
565	249	27.1	100847	39.79	100848	39.87	100742	91	28.08	1.37	2.32	386.14
566	238	27.1	100846	39.87	100850	39.04	100966	91	28.13	1.37	1.12	386.26
567	238	27.1	100850	39.62	100851	40.63	101055	91	28.13	1.37	1.35	386.13
568	240	27.1	100843	39.96	100851	39.29	101198	91	28.22	1.35	3.18	385.82
569	238	27.1	100853	40.21	100851	39.79	100657	91	28.08	1.35	4.65	386.35
570	237	27.1	100854	39.21	100853	39.87	100815	91	28.18	1.36	1.58	386.55
571	237	27.1	100857	39.46	100855	39.37	100834	91	28.18	1.37	1.73	386.75
572	239	27.1	100851	39.54	100854	39.21	100994	91	28.04	1.36	0.66	386.74
573	236	27.1	100848	39.62	100850	39.54	100567	91	28.13	1.39	3.48	386.47
574	236	27.1	100854	39.71	100845	39.37	100939	91	28.18	1.37	2.99	386.88
575	238	27.1	100852	39.71	100851	39.37	101062	91	28.18	1.36	0.88	386.94
576	240	27.2	100851	39.79	100849	39.62	101096	91	28.22	1.37	1.92	387.18
577	237	27.1	100851	40.13	100847	40.04	100698	91	28.22	1.36	1.47	387.34
578	237	27.1	100846	40.21	100844	40.63	100942	91	28.13	1.37	1.4	387.48
579	241	27.2	100846	40.13	100843	40.04	101148	91	28.18	1.36	1.2	387.6
580	233	27.1	100844	40.21	100837	40.13	100906	91	28.27	1.38	2.49	387.5
581	232	27.1	100844	40.21	100844	40.13	100835	91	28.27	1.36	3.32	387.95
582	234	27.1	100843	40.13	100838	40.13	101020	91	28.13	1.37	1.49	388.1
583	233	27.1	100843	40.54	100844	39.79	101181	91	28.13	1.37	2.22	388.29
584	232	27.1	100837	40.71	100837	40.13	100757	91	28.18	1.38	1.83	388.43
585	232	27.1	100855	39.79	100843	40.13	100818	91	28.13	1.37	2.99	388.81
586	237	27.1	100836	40.88	100837	40.13	101065	91	28.22	1.36	0.74	388.78
587	238	27.2	100845	40.21	100847	40.63	101196	91	28.22	1.37	1.01	388.84
588	230	27.1	100844	40.21	100828	40.79	100734	91	28.18	1.36	2.47	389.13
589	230	27.1	100847	40.04	100844	39.62	100888	91	28.08	1.37	0.64	389.13
590	232	27.2	100843	40.13	100849	40.88	101023	91	28.18	1.36	2.05	389.34
591	231	27.1	100834	40.13	100844	40.71	101152	91	28.13	1.38	2.76	389.67
592	230	27.2	100846	39.79	100839	39.87	100994	91	28.22	1.37	1.01	389.72
593	226	27.1	100844	40.54	100843	40.13	100732	91	28.22	1.36	1.54	389.84
594	223	27.1	100851	40.13	100837	39.79	100969	91	28.18	1.38	1.32	389.84
595	223	27.1	100848	39.79	100844	40.04	101087	91	28.27	1.37	3.46	390.28
596	223	27.1	100843	40.04	100845	40.63	101215	92	28.08	1.38	0.57	390.17
597	225	27.1	100850	39.87	100847	39.96	100704	91	28.13	1.36	1.49	390.23
598	224	27.2	100849	39.79	100854	39.54	100964	91	28.13	1.36	2.12	390.45
599	225	27.1	100848	39.46	100847	40.04	101126	91	28.13	1.37	1.08	390.49
600	236	27.2	100844	40.54	100844	40.54	101322	92	28.18	1.36	1.9	390.67
601	233	27.1	100844	40.13	100844	40.54	100954	91	28.18	1.36	1.87	390.77
602	223	27.1	100847	39.87	100843	40.13	100907	91	28.18	1.36	2.33	390.93
603	223	27.1	100844	40.04	100850	39.62	101097	91	28.22	1.36	1.99	390.67
604	221	27.2	100844	39.79	100837	40.54	101222	92	28.27	1.37	2.99	391.01
605	218	27.1	100843	40.13	100844	40.13	100977	91	28.18	1.37	3.66	391.4
606	221	27.1	100844	39.79	100850	39.37	100721	91	28.13	1.38	16.94	393.93
607	219	27.1	100848	39.29	100850	39.62	100876	91	28.08	1.48	81.02	399.51
608	231	27.2	100850	40.13	100848	40.13	100939	91	28.18	1.23	16.58	400.24
609	233	27.2	100844	39.87	100847	40.13	101109	91	28.22	1.33	2.32	399.83
610	229	27.1	100845	40.13	100844	40.13	100753	91	28.08	1.32	4.62	399.34
611	217	27.1	100848	40.04	100845	40.13	100883	91	28.18	1.32	2.24	398.99
612	216	27.1	100846	40.13	100843	40.54	100791	91	28.22	1.31	3.09	398.94
613	209	27.1	100835	40.04	100843	40.04	101037	91	28.13	1.5	18.35	401.58
614	208	27.2	100849	40.13	100848	39.79	100474	91	28.13	1.31	2.92	401.19
615	207	27.1	100848	40.21	100848	39.87	100909	91	28.27	1.33	4.67	401.81
616	207	27.2	100844	40.21	100844	39.71	101010	91	28.27	1.32	1.46	401.97
617	209	27.1	100846	40.04	100839	40.13	101062	91	28.13	1.33	2.73	402.31
618	210	27.1	100838	39.96	100844	39.87	100569	91	28.22	1.33	1.81	402.52
619	210	27.1	100838	39.79	100844	40.21	100829	91	28.18	1.32	1.81	402.74
620	212	27.2	100843	40.21	100844	40.13	100962	91	28.36	1.32	1.35	402.63
621	215	27.1	100848	39.79	100849	40.04	100768	91	28.18	1.32	4.38	403.17
622	215	27.1	100843	39.29	100857	39.79	100861	91	28.22	1.33	4.21	403.71
623	211	27.2	100850	39.37	100854	39.79	101174	91	28.22	1.32	3.1	403.68
624	210	27.2	100847	39.71	100847	39.96	101406	92	28.18	1.33	1.96	403.71
625	211	27.1	100845	39.54	100844	40.13	100919	91	28.18	1.33	1.73	403.85
626	212	27.2	100850	39.96	100847	40.04	101219	92	28.13	1.33	1.8	404.06
627	215	27.1	100848	39.96	100847	40.13	101303	92	28.13	1.32	1.66	404.22
628	223	27.2	100848	40.13	100835	40.04	101087	91	28.18	1.32	0.74	404.23
629	224	27.2	100849	40.13	100844	39.71	100986	91	28.18	1.32	2.19	404.27
630	219	27.1	100845	39.46	100848	39.79	101163	91	28.18	1.36	6.63	386.98
631	217	27.2	100847	39.71	100847	39.96	101406	92	28.18	1.33	1.96	403.71
632	207	27.1	100853	39.62	100851	39.62	101195	91	28.27	1.33	3.06	392.11
633	208	27.1	100844	40.13	100846	39.54	100740	91	28.18	1.34	1.51	383.82
634	207	27.1	100853	39.62	100851	39.62	101195	91	28.27	1.33	3.06	392.11
635	210	27.0	100844	40.04	100844	39.62	101374	92	28.22	1.32	3.75	383.35
636	213	27.1	100844	40.71	100846	40.13	101444	92	28.18	1.33	5.55	383.24
637	213	27.1	100844	40.13	100846	39.54	100740	91	28.18	1.34	1.51	383.82
638	207	27.1	100844	39.96	100846	39.79	100941	91	28.08	1.33	1.22	384.34
639	210	27.1	100848	39.96	100850	39.96	101086	91	28.22	1.35	0.67	384.74
640	207	27.1	100850	39.79	100846	40.13	101243	92	28.22	1.32	2.14	385.02
641	208	27.1	100853	39.37	100844	40.13	100931	91	28.18	1.33	2.51	385.72
642	209	27.1	100845	39.46	100848	39.79	101163	91	28.18	1.36	6.63	386.98
643	207	27.1	100851	39.79	100843	39.71	101273	92	28.18	1.32	1.47	387.5
644	208	27.1	100846	40.13	100848	39.87	101394	92	28.27	1.36	8.1	389.0
645	207	27.1	100849	40.04	100850	40.13	101068	91	28.32	1.32	1.28	389.43
646	207	27.2	100848	39.37	100851	39.87	101212	92	28.22	1.33	3.4	390.19
647	209	27.1	100845	39.79	100848	40.88	101336	92	28.22	1.34	0.96	390.53
648	209	27.1	100850	40.04	100846	40.13	101383	92	28.22	1.32	2.16	391.1
649	207	27.1	100847	40.13	100845	40.13	101099	91	28.08	1.34	1.21	391.43
650	207	27.1	100853	39.62	100851	39.62	101195	91	28.27	1.33	3.06	392.11
651	214	27.2	100844	39.87	100844	39.87	101350	92	28.18	1.31	2.79	392.39
652	207	27.1	100847	40.13	100847	39.87	101449	92	28.13	1.34	2.82	392.98
653	206	27.1	100843	39.79	100847	40.13	101171	91	28.22	1.31	6.97	394.27
654	206	27.2	100843	39.96	100847	39.87	101313	92	28.22	1.32	3.55	394.15
655	207	27.1	100850	39.96	100847	39.62	101508	92	28.13	1.32	1.9	394.16
656	206	27.2	100838	39.87	100847	39.71	101768	92	28.18	1.33	4.71	395.11
657	207	27.2	100847	40.04	100843	39.87	101681	92	28.08	1.33	1.99	395.3
658	206	27.2	100847	39.62	100845	40.13	101320	92	28.13	1.34	2.25	395.76
659	209	27.2	100848	39.96	100835	40.04	101753	92	28.22	1.33	1.33	396.08
660	207	27.1	100847	39.87	100843	39.87	101710	92	28.13	1.32	1.29	396.41
661	207	27.2	100844	40.13	100847	40.04	101681	92	28.18	1.32	1.72	396.8
662	207	27.2	100848	40.13	100846	39.71	101299	92	28.27	1.33	1.17	397.06
663	207	27.2	100847	40.04	100848	39.62	101385	92	28.13	1.33	1.44	397.39
664	207	27.2	100845	40.13	100846	39.96	101410	92	28.22	1.33	1.45	397.49
665	207	27.2	100850	39.87	100848	40.04	101015	91	28.22	1.32	2.62	398.0
666	207	27.2	100839	40.13	100839	40.79	101138	91	28.22	1.33	1.97	398.27
667	206	27.2	100838	40.54	100847	39.96	101250	92	28.13	1.33	2.03	398.63
668	208	27.2	100843	40.79	100844	40.13	101286	92	28.08	1.33	1.28	398.9
669	207	27.2	100843	40.71	100846	40.13	100857	91	28.27	1.33	0.88	399.1
670	209	27.2	100844	39.62	100844	40.54	101058	91	28.18	1.33	1.38	399.26
671	210	27.2	100839	40.63	100837	40.13	101185	91	28.18	1.34	1.41	399.5
672	206	27.2	100850	40.21	100848	39.79	101296	92	28.22	1.32	1.2	399.66
673	209	27.2	100843	40.54	100844	40.54	100858	91	28.13	1.33	3.38	400.25
674	211	27.2	100839	40.54	100844	39.96	101108	91	28.18	1.34	1.29	400.49
675	210	27.2	100847	40.13	100850	39.71	101271	92	28.27	1.32	1.72	400.81
676	207	27.2	100846	40.54	100847	40.63	101321	92	28.22	1.34	1.7	401.1
677	206	27.2	100839	40.79	100837	40.79	100978	91	28.22	1.32	2.39	401.52
678	207	27.2	100845	40.13	100852	39.54	101113	91	28.13	1.34	1.42	401.42
679	206	27.2	100848	40.04	100839	40.21	101245	92	28.18	1.33	2.67	401.9
680	206	27.2	100845	39.87	100843	40.71	100992	91	28.18	1.33	1.54	402.16
681	208	27.2	100846	39.71	100836	40.04	100903	91	28.18	1.32	0.67	402.3
682	213	27.2	100837	40.04	100849	40.04	101036	91	28.18	1.35	1.02	402.43
683	210	27.2	100849	39.46	100850	40.21	101202	92	28.22	1.33	2.04	402.72
684	207	27.2	100836	39.79	100844	39.87	101040	91	28.22	1.34	2.83	402.74
685	207	27.2	100845	40.54	100844	39.87	100754	91	28.32	1.33	1.96	403.06
686	207	27.2	100843	40.54	100837	39.87	100862	91	28.18	1.34	1.63	403.31
687	208	27.2	100846	39.62	100847	40.13	100998	91	28.18	1.33	2.13	403.64
688	206	27.2	100844	40.88	100839	40.13	101072	91	28.27	1.35	1.72	403.89
689	206	27.2	100847	40.04	100843	40.04	100609	91	28.27	1.34	3.23	404.38
690	207	27.2	100833	40.96	100846	40.71	100825	91	28.18	1.32	1.58	404.38
691	206	27.2	100844	39.29	100847	39.96	100972	91	28.18	1.32	2.54	404.77
692	208	27.2	100853	39.46	100845	40.04	101156	91	28.13	1.33	1.33	404.68
693	206	27.2	100855	39.46	100854	39.62	100664	91	28.22	1.34	1.89	404.96
694	207	27.2	100851	39.62	100851	39.79	100837	91	28.13	1.33	0.68	405.02
695	207	27.2	100850	40.54	100847	39.79	100904	91	28.27	1.32	0.92	405.12
696	207	27.2	100848	39.96	100837	39.79	101060	91	28.27	1.33	2.24	405.44
697	209	27.2	100847	39.12	100850	39.62	100555	91	28.18	1.33	2.07	405.75
698	205	27.2	100852	39.12	100852	39.62	100664	91	28.27	1.35	1.77	405.87
699	208	27.2	100848	40.04	100846	39.54	100784	91	28.22	1.34	0.6	405.93
700	205	27.2	100846	39.79	100850	39.96	100898	91	28.22	1.34	2.39	406.27
701	205	27.2	100852	39.96	100855	39.12	100418	91	28.36	1.32	1.33	406.39
702	205	27.2	100856	39.54	100851	39.62	100525	91	28.08	1.33	1.08	406.5
703	205	27.2	100855	39.87	100853	39.96	100568	91	28.18	1.33	2.44	406.72
704	213	27.2	100847	39.37	100847	40.54	100794	91	28.18	1.33	1.26	406.87
705	210	27.2	100850	39.54	100847	39.87	100715	91	28.22	1.33	2.01	407.13
706	206	27.2	100845	39.87	100846	39.62	100284	91	28.22	1.33	1.26	407.27
707	206	27.2	100849	39.62	100845	39.46	100605	91	28.18	1.34	1.66	407.47
708	206	27.2	100846	39.46	100850	39.79	100811	91	28.18	1.34	2.64	407.81
709	206	27.2	100844	40.79	100844	40.04	100976	91	28.18	1.33	1.35	407.81
710	206	27.2	100844	39.87	100849	40.13	100442	91	28.32	1.33	3.05	408.22
711	208	27.2	100845	39.87	100847	40.04	100632	91	28.22	1.33	1.1	408.29
712	206	27.2	100849	39.79	100848	39.62	100770	91	28.22	1.33	2.09	408.55
713	207	27.2	100844	40.54	100844	39.62	100927	91	28.22	1.34	1.26	408.67
714	206	27.2	100837	40.21	100848	39.79	100466	91	28.27	1.34	1.55	408.84
715	206	27.2	100850	40.21	100844	40.13	100632	91	28.27	1.34	1.18	408.94
716	209	27.2	100848	40.04	100850	40.21	100619	91	28.27	1.33	0.95	408.92
717	207	27.2	100847	40.04	100846	39.71	100823	91	28.27	1.34	2.25	409.19
718	207	27.2	100844	39.87	100847	40.13	100631	91	28.18	1.33	1.16	409.09
719	208	27.2	100844	39.54	100847	39.87	100451	91	28.22	1.34	3.03	409.5
720	209	27.2	100846	39.96	100849	39.71	100585	91	28.13	1.34	1.18	409.57
721	209	27.2	100848	39.79	100849	40.13	100761	91	28.22	1.34	1.35	409.68
722	207	27.2	100856	39.46	100853	39.37	100793	91	28.27	1.35	1.77	409.79
723	209	27.2	100854	39.46	100849	39.29	100218	91	28.27	1.33	2.01	410.02
724	208	27.2	100852	39.62	100850	39.46	100498	91	28.18	1.33	1.68	409.98
725	207	27.2	100843	39.87	100845	39.54	100653	91	28.22	1.33	0.93	410.04
726	207	27.2	100851	40.13	100844	39.62	100789	91	28.27	1.33	2.19	410.29
727	208	27.2	100845	39.71	100850	40.04	100282	91	28.18	1.33	0.4	410.21
728	211	27.2	100853	39.96	100851	40.04	100587	91	28.27	1.33	1.02	410.27
729	206	27.2	100845	40.04	100852	39.71	100769	91	28.27	1.34	1.58	410.42
730	207	27.2	100844	40.04	100846	40.13	100789	91	28.08	1.33	1.96	410.64
731	206	27.2	100846	40.04	100850	39.46	100479	91	28.08	1.33	2.67	410.94
732	207	27.2	100854	39.71	100852	39.21	100683	91	28.22	1.35	3.27	410.9
733	210	27.2	100849	39.37	100850	39.79	100762	91	28.22	1.33	1.61	411.05
734	207	27.2	100852	39.54	100850	39.29	101018	91	28.13	1.33	5.34	411.8
735	208	27.2	100844	40.13	100848	39.79	100396	91	28.13	1.35	1.2	411.85
736	207	27.2	100852	39.62	100847	39.46	100623	91	28.27	1.34	1.78	412.01
737	207	27.2	100839	39.71	100849	39.71	100733	91	28.18	1.34	1.38	412.1
738	208	27.2	100852	40.13	100844	40.13	100852	91	28.18	1.33	1.18	412.18
739	207	27.2	100851	39.71	100850	40.13	100280	91	28.22	1.34	2.88	412.52
740	210	27.2	100852	40.13	100852	39.79	100454	91	28.22	1.34	0.79	412.52
741	208	27.2	100852	39.54	100848	39.79	100596	91	28.18	1.33	0.88	412.53
742	207	27.2	100852	39.54	100851	40.13	100698	91	28.18	1.34	3.08	412.89
743	214	27.2	100849	39.71	100852	39.37	100178	91	28.27	1.35	1.93	413.06
744	211	27.2	100848	39.54	100848	39.96	100401	91	28.18	1.34	0.72	413.03
745	208	27.2	100845	39.37	100850	39.54	100506	91	28.18	1.32	1.05	413.06
746	209	27.2	100851	39.96	100845	39.79	100657	91	28.32	1.33	2.96	413.4
747	207	27.2	100852	39.62	100853	39.71	100107	91	28.22	1.35	1.63	413.5
748	209	27.2	100847	40.13	100849	39.79	100446	91	28.22	1.33	1.2	413.56
749	208	27.2	100849	39.54	100849	39.71	100678	91	28.18	1.35	2.51	413.83
750	208	27.2	100849	40.13	100847	39.79	100629	91	28.22	1.35	1.38	413.9
751	211	27.2	100846	39.96	100847	39.62	100244	91	28.22	1.34	1.49	414.0
752	214	27.2	100844	39.96	100850	39.12	100428	91	28.13	1.35	1.23	414.04
753	208	27.2	100845	39.87	100846	39.87	100569	91	28.22	1.34	1.38	414.11
754	211	27.2	100836	39.71	100839	40.71	100669	91	28.18	1.35	1.09	414.03
755	208	27.2	100851	39.87	100849	39.62	100146	91	28.27	1.34	3.02	414.34
756	208	27.2	100848	39.71	100846	39.79	100308	91	28.27	1.34	1.89	414.48
757	210	27.2	100848	39.71	100848	39.87	100528	91	28.22	1.34	1.05	414.49
758	208	27.2	100837	39.96	100839	40.04	100585	91	28.22	1.34	1.08	414.51
759	208	27.2	100845	39.87	100852	39.62	100081	90	28.22	1.34	2.42	414.74
760	210	27.2	100847	39.71	100849	39.96	100271	91	28.27	1.34	0.51	414.67
761	208	27.2	100845	39.87	100844	39.79	100406	91	28.18	1.33	1.38	414.73
762	208	27.2	100849	39.96	100846	40.04	100585	91	28.18	1.35	2.73	415.0
763	210	27.2	100850	39.79	100848	39.54	100014	90	28.18	1.34	2.59	415.25
764	209	27.2	100849	39.87	100845	39.62	100222	91	28.27	1.34	1.39	415.1
765	209	27.2	100852	39.79	100846	39.62	100390	91	28.32	1.35	1.7	415.22
766	209	27.2	100847	39.79	100849	39.87	100557	91	28.22	1.34	3.02	415.54
767	214	27.2	100851	39.79	100849	39.62	100061	90	28.22	1.34	1.25	415.57
768	212	27.2	100852	39.21	100849	39.96	100283	91	28.27	1.32	0.71	415.53
769	212	27.2	100849	39.21	100853	39.71	100454	91	28.18	1.34	1.92	415.68
770	210	27.2	100847	39.46	100850	40.04	100641	91	28.22	1.33	2.82	415.98
771	210	27.2	100849	40.04	100847	39.46	100168	91	28.22	1.33	2.36	416.19
772	212	27.2	100852	39.37	100848	39.62	100306	91	28.27	1.35	1.83	416.04
773	212	27.2	100846	39.12	100853	39.29	100429	91	28.27	1.34	1.75	416.15
774	213	27.2	100855	39.37	100853	39.54	100607	91	28.36	1.34	2.27	416.35
775	216	27.2	100853	39.54	100852	39.87	100041	90	28.27	1.36	2.21	416.52
776	210	27.2	100852	39.46	100849	39.96	100320	91	28.22	1.33	1.98	416.68
777	211	27.2	100846	39.46	100846	39.96	100429	91	28.22	1.34	0.97	416.66
778	211	27.2	100850	39.87	100851	39.79	100597	91	28.22	1.34	1.86	416.78
779	213	27.2	100850	39.62	100850	39.87	100092	90	28.32	1.35	4.72	416.24
780	211	27.2	100850	39.62	100852	39.79	100288	91	28.18	1.35	3.09	416.44
781	211	27.2	100849	39.46	100852	39.71	100367	91	28.27	1.34	2.1	416.61
782	214	27.2	100853	40.13	100848	39.71	100435	91	28.18	1.35	1.99	416.37
783	212	27.2	100849	39.87	100850	39.62	100009	90	28.13	1.37	1.8	416.42
784	212	27.2	100848	39.46	100846	39.87	100278	91	28.13	1.35	5.05	417.04
785	212	27.2	100850	39.71	100844	39.71	100353	91	28.27	1.34	2.28	417.24
786	212	27.2	100849	39.46	100848	40.04	100435	91	28.22	1.34	0.8	417.2
787	214	27.2	100852	39.46	100850	39.37	100190	91	28.22	1.34	1.06	417.19
788	212	27.2	100850	39.37	100852	39.29	100458	91	28.32	1.34	2.67	417.45
789	213	27.2	100849	39.37	100846	39.21	100528	91	28.18	1.34	2.29	417.56
790	224	27.2	100847	39.96	100853	39.46	100775	91	28.27	1.36	1.76	417.61
791	221	27.2	100856	39.46	100847	39.62	100306	91	28.13	1.35	1.96	417.75
792	238	27.2	100852	39.79	100846	39.87	100492	91	28.22	1.34	1.83	417.87
793	228	27.2	100849	39.96	100848	39.79	100618	91	28.22	1.37	1.26	417.89
794	221	27.2	100850	39.96	100851	39.96	100795	91	28.27	1.33	1.18	417.88
795	221	27.2	100845	39.62	100844	39.87	100285	91	28.27	1.35	3.8	418.3
796	216	27.2	100844	40.13	100848	39.62	100478	91	28.22	1.34	0.82	418.27
797	217	27.2	100849	40.21	100847	39.79	100602	91	28.22	1.35	2.96	418.35
798	224	27.2	100850	39.46	100848	39.87	100565	91	28.27	1.34	2.3	418.53
799	221	27.2	100854	39.62	100850	39.62	100288	91	28.18	1.34	2.04	418.67
800	220	27.2	100847	40.13	100849	39.79	100491	91	28.18	1.34	1.45	418.48
801	216	27.2	100844	40.54	100844	39.79	100602	91	28.18	1.33	2.17	418.59
802	218	27.3	100838	39.37	100852	39.87	100408	91	28.27	1.33	2.02	418.74
803	218	27.2	100844	40.13	100845	40.54	100458	91	28.22	1.35	0.31	418.6
804	218	27.3	100844	39.62	100844	39.87	100600	91	28.22	1.34	1.18	418.61
805	218	27.3	100850	39.96	100846	39.87	100870	91	28.22	1.34	2.45	418.82
806	216	27.3	100849	40.13	100846	39.71	100328	91	28.27	1.34	0.97	418.81
807	217	27.2	100846	40.13	100848	39.87	100546	91	28.18	1.34	1.08	418.8
808	217	27.2	100845	40.54	100839	40.71	100643	91	28.27	1.36	3.11	418.14
809	214	27.3	100850	39.46	100846	39.54	100383	91	28.27	1.35	3.18	414.64
810	216	27.3	100849	40.13	100846	39.71	100328	91	28.27	1.34	0.97	418.81
811	211	27.2	100857	39.12	100851	39.37	100690	91	28.32	1.35	4.62	413.38
812	213	27.2	100846	39.12	100851	39.71	99855	90	28.27	1.34	6.88	412.8
813	213	27.2	100853	39.79	100856	39.37	99981	90	28.22	1.34	4.64	413.55
814	212	27.2	100851	39.29	100849	40.04	100062	90	28.32	1.36	3.64	413.55
815	214	27.2	100847	40.13	100845	39.54	99901	90	28.22	1.34	2.38	413.66
816	213	27.2	100849	39.62	100850	40.04	99712	90	28.22	1.36	2.48	413.45
817	215	27.2	100851	39.54	100851	39.79	100012	90	28.18	1.34	1.93	413.69
818	213	27.2	100844	39.96	100847	39.54	100013	90	28.18	1.36	1.38	413.44
819	213	27.3	100844	39.79	100849	40.13	99901	90	28.32	1.37	4.57	414.07
820	214	27.2	100838	40.54	100848	40.13	99991	90	28.22	1.36	2.07	414.31
821	214	27.3	100850	39.46	100846	39.54	100383	91	28.27	1.35	3.18	414.64
822	211	27.3	100850	40.04	100847	39.54	100599	91	28.18	1.35	3.97	414.96
823	210	27.3	100844	39.46	100849	39.79	100150	91	28.27	1.35	1.58	415.11
824	211	27.2	100843	39.96	100850	39.71	100443	91	28.27	1.36	1.34	415.21
825	212	27.3	100852	39.37	100851	39.46	100664	91	28.27	1.35	4.05	415.73
826	211	27.3	100855	39.46	100854	39.29	100444	91	28.18	1.36	2.15	415.95
827	210	27.3	100851	39.12	100853	39.37	100703	91	28.22	1.35	1.19	415.94
828	210	27.3	100848	39.04	100855	39.37	100443	91	28.22	1.35	1.41	415.6
829	213	27.3	100854	39.62	100849	39.46	101077	91	28.22	1.39	1.3	415.5
830	211	27.3	100856	39.46	100856	39.54	100676	91	28.27	1.37	3.25	415.9
831	210	27.3	100855	39.54	100852	40.04	100856	91	28.27	1.35	2.21	416.14
832	208	27.3	100854	39.29	100850	39.71	101097	91	28.18	1.36	1.7	415.75
833	213	27.3	100851	39.54	100852	39.71	100693	91	28.18	1.36	2.86	416.08
834	209	27.3	100845	39.96	100835	40.21	100488	91	28.32	1.36	1.76	416.23
835	208	27.3	100849	39.79	100845	39.96	100559	91	28.32	1.36	0.95	415.97
836	209	27.3	100847	39.62	100851	40.63	100852	91	28.13	1.36	2.33	416.21
837	209	27.3	100844	40.54	100846	40.13	100327	91	28.27	1.36	2.59	416.5
838	209	27.3	100849	39.87	100847	39.96	100690	91	28.27	1.36	1.22	416.32
839	210	27.3	100848	40.13	100847	39.96	100857	91	28.18	1.37	2.62	416.55
840	208	27.3	100849	40.13	100844	39.87	100822	91	28.22	1.36	6.89	417.24
841	212	27.3	100848	39.87	100847	39.54	100326	91	28.22	1.35	1.69	417.13
842	206	27.3	100856	39.62	100845	40.13	100453	91	28.22	1.35	4.77	417.75
843	207	27.3	100843	40.63	100839	40.13	100475	91	28.27	1.35	2.31	417.96
844	211	27.3	100846	40.63	100843	40.13	100099	90	28.27	1.38	7.52	418.83
845	209	27.3	100845	40.54	100844	40.13	99965	90	28.18	1.35	4.65	419.42
846	208	27.3	100835	40.21	100835	40.71	100074	90	28.27	1.39	7.23	420.39
847	208	27.3	100835	40.04	100839	40.54	100273	91	28.22	1.36	2.49	419.87
848	208	27.3	100839	40.54	100844	39.79	100213	91	28.22	1.35	1.64	420.0
849	209	27.3	100837	40.21	100848	40.04	100217	91	28.22	1.36	2.52	419.67
850	208	27.3	100844	40.21	100849	39.87	100524	91	28.13	1.36	3.06	419.75
851	208	27.3	100844	40.54	100839	40.13	100555	91	28.22	1.35	3.66	420.02
852	207	27.3	100851	40.04	100848	40.63	100260	91	28.22	1.33	1.6	420.14
853	207	27.3	100845	40.54	100844	40.13	100095	90	28.18	1.36	3.9	420.56
854	207	27.3	100837	40.54	100839	40.63	100384	91	28.18	1.36	1.15	420.29
855	206	27.3	100848	39.96	100849	40.04	100732	91	28.18	1.37	9.41	420.43
856	206	27.3	100844	40.04	100843	40.88	100619	91	28.18	1.35	1.35	420.51
857	212	27.3	100848	39.79	100839	40.54	100530	91	28.18	1.39	5.99	419.47
858	207	27.3	100831	40.54	100844	39.96	100701	91	28.22	1.35	2.48	419.22
859	206	27.3	100849	40.13	100839	39.96	100990	91	28.22	1.36	4.42	419.79
860	206	27.3	100839	40.71	100844	40.13	100650	91	28.27	1.33	5.86	420.61
861	206	27.3	100845	39.79	100837	40.13	100532	91	28.18	1.35	1.6	420.62
862	206	27.3	100843	40.63	100847	40.71	100754	91	28.27	1.35	1.8	420.76
863	207	27.3	100845	40.71	100845	40.21	100916	91	28.13	1.34	2.62	421.08
864	207	27.3	100846	40.04	100851	40.13	100211	91	28.22	1.34	2.14	420.93
865	206	27.3	100846	39.87	100846	39.87	100556	91	28.27	1.35	1.09	420.96
866	211	27.3	100843	40.54	100848	40.13	100771	91	28.27	1.35	2.34	420.7
867	210	27.3	100844	40.13	100838	40.13	100944	91	28.27	1.35	4.21	421.19
868	206	27.3	100839	40.54	100844	40.79	100211	91	28.22	1.36	0.85	421.18
869	207	27.3	100835	40.88	100843	40.13	100348	91	28.22	1.36	2.6	421.41
870	207	27.3	100843	40.79	100839	40.54	100392	91	28.22	1.36	2.91	421.69
871	207	27.3	100843	40.71	100838	40.88	100454	91	28.22	1.36	1.58	421.78
872	207	27.3	100838	40.71	100837	40.71	99776	90	28.27	1.36	1.92	421.91
873	208	27.3	100844	40.13	100844	40.21	100266	91	28.27	1.35	1.95	422.06
874	208	27.3	100838	40.63	100843	40.13	100615	91	28.27	1.35	1.51	422.13
875	208	27.3	100843	40.21	100850	39.96	100693	91	28.27	1.34	2.21	422.32
876	208	27.3	100848	39.87	100851	39.87	100010	90	28.22	1.35	3.58	422.72
877	208	27.3	100847	39.87	100843	40.13	100422	91	28.18	1.37	0.97	422.69
878	209	27.3	100846	39.96	100846	40.63	100563	91	28.32	1.37	3.28	422.77
879	208	27.3	100835	40.63	100846	39.79	100696	91	28.13	1.36	2.22	422.95
880	209	27.3	100846	40.04	100839	40.71	100016	90	28.32	1.35	1.75	423.07
881	212	27.3	100838	40.63	100838	40.04	100360	91	28.32	1.35	3.1	422.63
882	211	27.3	100845	40.54	100838	40.79	100601	91	28.22	1.36	3.09	422.94
883	209	27.3	100838	40.04	100845	39.87	100629	91	28.27	1.35	2.85	423.22
884	208	27.3	100845	40.04	100845	39.54	100055	90	28.18	1.36	2.79	423.37
885	208	27.3	100847	40.13	100847	39.54	100280	91	28.18	1.35	1.48	423.21
886	209	27.3	100849	39.46	100852	40.04	100414	91	28.22	1.36	7.87	423.42
887	209	27.3	100844	40.13	100851	40.13	100151	91	28.18	1.36	2.16	423.62
888	210	27.3	100843	40.13	100847	39.96	99760	90	28.18	1.35	0.89	423.59
889	209	27.3	100844	40.21	100843	40.04	100267	91	28.27	1.35	2.41	423.49
890	211	27.3	100844	40.13	100837	40.71	100237	91	28.27	1.36	4.01	423.96
891	209	27.3	100846	39.96	100847	40.04	99677	90	28.27	1.35	1.9	423.82
892	209	27.3	100850	39.62	100849	39.62	99803	90	28.18	1.35	1.03	423.81
893	212	27.3	100846	40.54	100838	40.13	100061	90	28.27	1.35	1.32	423.86
894	211	27.3	100844	39.96	100848	39.46	100244	91	28.27	1.36	2.57	424.11
895	210	27.3	100835	40.21	100847	40.04	99591	90	28.18	1.35	2.65	424.35
896	210	27.3	100848	39.54	100848	39.71	99807	90	28.18	1.36	2.2	424.36
897	210	27.3	100844	39.79	100848	39.79	99908	90	28.27	1.37	1.89	424.47
898	210	27.3	100845	39.79	100844	40.13	99947	90	28.27	1.35	2.07	424.63
899	210	27.3	100844	40.13	100853	40.04	99231	90	28.22	1.36	3.08	424.92
900	210	27.3	100844	40.13	100846	39.21	99483	90	28.32	1.36	1.74	424.77
901	210	27.3	100853	40.13	100850	39.54	99625	90	28.22	1.35	2.3	424.96
902	210	27.3	100839	39.87	100844	40.63	99423	90	28.22	1.37	1.92	425.07
903	210	27.3	100848	40.54	100850	40.13	99231	90	28.18	1.36	4.36	425.56
904	211	27.3	100843	40.79	100843	40.04	99365	90	28.22	1.35	0.55	425.37
905	212	27.3	100839	40.63	100836	40.54	99553	90	28.32	1.36	2.76	425.61
906	210	27.3	100846	40.13	100836	40.13	99128	90	28.32	1.36	1.84	425.71
907	213	27.3	100845	39.71	100845	40.13	99038	90	28.22	1.36	1.57	425.51
908	221	27.3	100843	40.54	100844	39.46	99215	90	28.32	1.36	0.45	425.38
909	216	27.3	100844	40.04	100843	39.87	99403	90	28.32	1.36	3.93	425.81
910	215	27.3	100849	39.37	100844	40.54	98973	89	28.22	1.35	6.77	426.68
911	214	27.3	100839	39.96	100838	39.62	98819	89	28.27	1.35	3.44	427.02
912	216	27.3	100843	40.88	100844	40.13	99116	90	28.27	1.34	3.97	426.66
913	216	27.3	100843	39.96	100844	39.46	99499	90	28.27	1.35	3.08	426.94
914	216	27.3	100846	40.21	100838	40.13	99090	90	28.27	1.35	0.92	426.86
915	215	27.3	100849	39.96	100844	40.13	99152	90	28.22	1.36	2.6	427.05
916	215	27.3	100844	40.21	100839	40.04	99323	90	28.22	1.34	1.06	427.02
917	214	27.3	100849	39.79	100832	40.21	99635	90	28.18	1.35	1.82	426.99
918	219	27.3	100848	39.96	100849	40.13	99324	90	28.27	1.36	1.05	426.96
919	214	27.3	100846	40.04	100844	39.79	99124	90	28.27	1.36	1.31	426.97
920	214	27.3	100845	40.13	100845	39.71	99399	90	28.27	1.36	2.31	427.13
921	213	27.3	100846	39.46	100852	39.96	99652	90	28.27	1.36	1.81	427.22
922	214	27.3	100847	40.13	100849	39.79	99250	90	28.36	1.34	1.95	427.34
923	214	27.3	100851	39.62	100844	40.13	99129	90	28.27	1.36	0.8	427.25
924	214	27.3	100845	40.63	100845	40.21	99386	90	28.18	1.36	5.08	427.85
925	214	27.3	100846	39.54	100851	39.96	99540	90	28.32	1.35	0.8	427.65
926	215	27.3	100847	39.79	100849	40.13	99237	90	28.22	1.36	1.14	427.33
927	214	27.3	100845	40.04	100851	39.71	98977	89	28.13	1.37	1.75	427.4
928	214	27.3	100847	40.79	100851	39.79	99209	90	28.22	1.36	0.61	427.29
929	214	27.3	100838	39.79	100848	39.71	99348	90	28.22	1.35	4.38	427.39
930	215	27.3	100843	40.04	100838	40.13	99147	90	28.22	1.36	4.1	427.84
931	215	27.3	100849	39.71	100848	40.63	98977	89	28.27	1.37	0.86	427.77
932	216	27.3	100848	40.13	100843	39.87	99417	90	28.22	1.36	2.37	427.31
933	216	27.3	100837	39.62	100851	39.79	99697	90	28.18	1.36	1.38	427.32
934	214	27.3	100853	39.71	100851	39.37	99338	90	28.27	1.35	3.08	427.62
935	216	27.3	100854	39.79	100844	40.21	99344	90	28.27	1.35	1.76	427.54
936	221	27.3	100846	39.79	100848	40.04	99715	90	28.18	1.36	1.38	427.33
937	220	27.3	100850	39.79	100843	39.87	99971	90	28.27	1.35	5.83	428.05
938	215	27.3	100850	39.54	100847	39.96	99376	90	28.18	1.36	0.8	427.83
939	218	27.3	100846	39.79	100846	40.13	99534	90	28.22	1.36	1.41	427.55
940	215	27.3	100848	39.79	100850	39.54	99694	90	28.32	1.36	2.94	427.82
941	216	27.3	100852	39.87	100847	40.04	99894	90	28.32	1.36	2.42	428.0
942	216	27.3	100845	40.13	100848	40.04	99305	90	28.32	1.35	4.83	428.56
943	218	27.3	100847	39.96	100845	39.87	99466	90	28.22	1.37	2.65	428.79
944	216	27.3	100849	39.71	100848	39.87	99687	90	28.32	1.37	0.89	428.56
945	214	27.3	100844	40.04	100845	39.96	99618	90	28.13	1.33	2.93	427.98
946	213	27.3	100851	40.13	100844	39.96	99252	90	28.22	1.35	1.13	427.82
947	219	27.3	100849	40.04	100847	40.13	99565	90	28.22	1.36	2.31	427.53
948	213	27.3	100849	40.04	100849	39.96	99763	90	28.22	1.36	1.55	427.58
949	213	27.3	100854	39.71	100848	39.54	99450	90	28.22	1.35	1.03	427.22
950	215	27.3	100852	39.54	100845	39.96	99683	90	28.13	1.36	2.42	427.42
951	215	27.3	100848	39.79	100846	39.71	99898	90	28.27	1.36	0.8	427.17
952	215	27.3	100849	39.79	100848	39.87	100214	91	28.27	1.37	0.29	426.98
953	213	27.3	100847	40.63	100846	40.04	99672	90	28.18	1.36	1.93	427.11
954	214	27.3	100847	39.79	100847	40.04	100016	90	28.22	1.37	0.74	426.97
955	212	27.3	100851	39.54	100845	39.87	100111	91	28.22	1.37	1.95	426.96
956	214	27.3	100849	39.79	100844	40.13	100253	91	28.22	1.35	1.98	427.1
957	214	27.3	100847	39.96	100847	39.96	99729	90	28.32	1.37	3.37	427.45
958	214	27.3	100851	39.62	100846	39.79	99991	90	28.22	1.38	1.79	427.2
959	215	27.3	100844	41.05	100847	40.04	100262	91	28.32	1.37	1.3	427.22
960	216	27.3	100849	39.71	100849	40.04	99939	90	28.22	1.37	2.07	427.36
961	217	27.3	100849	40.13	100848	39.54	99848	90	28.22	1.37	2.48	427.56
962	217	27.3	100843	40.71	100849	40.04	100066	90	28.32	1.36	2.81	427.29
963	216	27.3	100835	41.3	100838	39.96	100264	91	28.32	1.38	1.87	427.39
964	220	27.3	100848	40.21	100846	40.13	99742	90	28.27	1.37	1.83	427.48
965	217	27.3	100847	40.54	100843	40.63	99951	90	28.22	1.37	2.11	427.13
966	215	27.3	100833	40.71	100839	39.96	100112	91	28.18	1.38	2.31	427.3
967	217	27.3	100849	40.54	100848	40.04	100245	91	28.08	1.37	4.94	427.9
968	212	27.3	100846	39.87	100845	39.79	99625	90	28.27	1.36	1.67	427.97
969	211	27.3	100845	39.79	100830	40.54	99940	90	28.22	1.37	0.79	427.91
970	211	27.3	100846	39.62	100850	40.63	100084	90	28.18	1.39	1.35	427.79
971	213	27.3	100844	40.79	100843	40.04	100259	91	28.27	1.37	2.15	427.95
972	211	27.3	100836	40.71	100838	39.96	99637	90	28.27	1.37	3.64	428.35
973	211	27.3	100837	40.13	100846	39.62	100059	90	28.27	1.36	1.42	428.19
974	218	27.3	100844	39.46	100846	40.63	100284	91	28.32	1.38	2.94	428.46
975	211	27.3	100849	40.63	100845	39.71	100200	91	28.32	1.38	1.87	428.57
976	211	27.3	100852	40.88	100846	40.04	99637	90	28.32	1.38	3.22	428.89
977	211	27.3	100843	40.71	100844	39.96	100115	91	28.22	1.36	2.02	428.88
978	212	27.3	100849	39.79	100851	40.21	100320	91	28.22	1.36	2.67	429.1
979	212	27.3	100846	40.13	100838	40.13	99923	90	28.22	1.37	3.44	429.46
980	211	27.3	100851	40.21	100848	39.79	99951	90	28.32	1.37	0.48	429.31
981	213	27.3	100847	39.62	100844	40.04	100145	91	28.13	1.35	0.38	429.17
982	212	27.3	100846	39.96	100845	40.63	100305	91	28.27	1.36	2.58	429.38
983	212	27.3	100846	40.21	100839	40.04	99749	90	28.18	1.37	1.93	429.5
984	211	27.3	100855	39.46	100851	39.71	99962	90	28.32	1.38	1.04	429.34
985	212	27.3	100844	40.54	100852	39.62	100140	91	28.27	1.37	2.33	429.35
986	211	27.3	100847	40.54	100844	39.87	100305	91	28.18	1.37	1.28	429.33
987	211	27.3	100838	40.88	100833	40.13	99617	90	28.18	1.37	4.04	429.77
988	209	27.3	100844	39.79	100839	39.79	99928	90	28.27	1.37	1.22	429.77
989	210	27.3	100845	40.71	100839	40.13	100128	91	28.18	1.37	0.85	429.71
990	209	27.3	100848	40.79	100835	40.54	100158	91	28.27	1.39	1.64	429.76
991	214	27.3	100835	40.63	100839	40.54	99720	90	28.27	1.36	4.18	430.21
992	209	27.3	100843	40.04	100847	40.54	100150	91	28.27	1.36	1.86	430.31
993	209	27.3	100846	39.71	100838	40.88	100353	91	28.22	1.36	2.71	430.54
994	209	27.3	100839	40.88	100836	40.63	100055	90	28.27	1.38	1.92	430.64
995	210	27.3	100837	40.04	100843	40.88	99782	90	28.08	1.37	1.22	430.63
996	209	27.3	100838	39.87	100839	40.04	99966	90	28.27	1.36	3.06	429.97
997	209	27.3	100847	40.54	100844	40.21	100262	91	28.27	1.36	3.63	430.36
998	209	27.3	100846	40.54	100843	40.13	99863	90	28.27	1.37	2.77	430.61
999	216	27.3	100839	40.63	100838	40.79	99843	90	28.27	1.37	1.19	430.31
1000	213	27.3	100839	39.71	100836	40.79	100027	90	28.32	1.37	1.22	430.31
