1	247	27.9	100838	40.13	100838	41.13	111698	101	28.22	1.23	2.26	375.62
2	243	27.9	100835	40.54	100843	40.63	110778	100	28.22	1.3	23.26	372.65
3	241	27.9	100837	40.63	100838	40.96	111286	101	28.32	1.25	24.22	368.68
4	255	28.0	100838	40.71	100834	40.63	108237	98	28.27	1.16	36.1	372.88
5	234	28.0	100843	39.96	100836	40.88	109831	99	28.32	1.23	2.96	373.13
6	241	28.0	100833	40.96	100838	40.54	109036	99	28.32	1.17	55.29	365.05
7	241	28.0	100843	40.88	100836	40.96	107769	97	28.27	1.21	35.95	362.29
8	234	28.0	100837	41.55	100835	40.79	110083	100	28.22	1.25	24.76	358.9
9	244	28.0	100838	40.13	100843	40.88	110367	100	28.22	1.24	14.61	351.21
10	242	28.0	100837	40.54	100839	40.13	109483	99	28.27	1.21	9.36	343.39
11	240	28.0	100844	40.21	100844	41.05	107769	97	28.13	1.2	1.72	343.97
12	240	28.0	100836	40.96	100834	40.79	108642	98	28.32	1.21	1.52	344.3
13	241	28.0	100834	40.79	100839	41.21	108970	99	28.32	1.2	4.13	344.14
14	240	28.0	100836	40.79	100837	40.63	108661	98	28.27	1.22	1.4	344.7
15	242	28.0	100831	40.21	100843	40.96	108156	98	28.22	1.21	1.75	345.36
16	240	28.0	100838	40.88	100839	40.63	108004	98	28.32	1.2	3.48	346.09
17	240	28.0	100844	40.71	100836	40.63	106755	97	28.27	1.2	1.47	339.48
18	241	28.0	100836	40.96	100830	40.21	106328	96	28.18	1.21	2.15	340.32
19	238	28.0	100837	40.96	100844	40.88	105607	96	28.27	1.21	2.17	333.59
20	239	28.0	100845	40.13	100835	40.54	107900	98	28.27	1.2	3.43	334.05
21	243	28.0	100838	40.79	100833	41.05	108844	98	28.32	1.21	2.13	327.44
22	242	28.0	100844	41.13	100839	40.88	107694	97	28.22	1.2	0.87	320.98
23	242	28.0	100838	40.54	100837	41.13	105850	96	28.36	1.2	2.58	314.42
24	242	28.0	100831	40.63	100833	41.3	105111	95	28.27	1.21	1.08	315.35
25	241	28.0	100834	41.21	100836	41.05	105634	96	28.22	1.21	0.68	316.25
26	241	28.0	100835	41.21	100834	40.79	106024	96	28.32	1.2	1.28	317.34
27	240	28.0	100834	40.79	100834	40.04	106822	97	28.27	1.22	1.75	318.19
28	241	28.0	100832	40.54	100834	41.21	107122	97	28.22	1.22	1.94	318.96
29	243	28.0	100831	41.55	100830	40.96	106957	97	28.32	1.2	2.37	312.42
30	243	28.0	100831	41.3	100825	41.3	106515	96	28.18	1.22	1.3	313.37
31	242	28.0	100829	41.21	100829	41.8	106320	96	28.27	1.21	1.44	314.29
32	242	28.0	100830	41.38	100829	41.05	105882	96	28.22	1.25	18.33	313.32
33	244	28.0	100834	40.21	100833	41.05	105631	96	28.27	1.22	1.77	314.16
34	242	28.0	100843	40.21	100838	41.3	105556	95	28.32	1.21	1.2	314.96
35	240	28.0	100834	41.13	100830	40.79	105112	95	28.32	1.21	1.71	315.92
36	243	28.0	100839	40.96	100831	41.3	104824	95	28.27	1.22	8.06	316.7
37	242	28.0	100836	41.21	100835	41.21	104894	95	28.22	1.22	1.45	317.45
38	242	28.0	100831	40.79	100832	41.05	104418	94	28.27	1.11	34.71	306.44
39	247	28.0	100832	40.79	100831	41.3	104295	94	28.22	1.22	3.74	307.87
40	242	28.0	100832	41.55	100829	40.79	104583	95	28.18	1.22	0.96	308.82
41	245	28.0	100837	41.21	100827	41.63	104439	94	28.27	1.23	1.3	309.71
42	245	28.0	100834	40.88	100833	40.88	103003	93	28.32	1.23	0.5	310.75
43	243	28.0	100836	40.96	100843	40.96	102688	93	28.32	1.25	2.05	311.32
44	242	28.0	100831	41.05	100832	40.79	103116	93	28.27	1.23	1.88	311.99
45	241	28.0	100831	41.05	100834	41.3	103342	93	28.27	1.23	0.45	312.93
46	241	28.0	100834	41.38	100836	41.21	103400	94	28.32	1.23	0.35	313.82
47	241	28.0	100828	41.3	100844	41.13	103543	94	28.27	1.22	1.71	314.54
48	241	28.0	100844	40.79	100830	41.21	103159	93	28.18	1.23	0.94	315.34
49	242	28.0	100829	41.21	100826	41.3	102675	93	28.22	1.23	1.31	316.13
50	242	28.0	100836	40.63	100837	40.88	103138	93	28.18	1.23	1.29	316.85
51	244	28.0	100830	41.3	100829	40.96	104661	95	28.18	1.24	1.79	317.59
52	241	28.0	100829	41.05	100828	41.55	102752	93	28.22	1.23	1.01	318.36
53	240	28.0	100826	41.55	100824	41.46	99334	90	28.32	1.24	0.89	319.0
54	241	28.0	100831	41.13	100830	41.13	98027	89	28.22	1.22	0.69	319.78
55	242	28.0	100833	40.79	100829	41.55	96465	87	28.27	1.22	1.26	320.59
56	241	28.0	100831	40.96	100831	41.13	94419	85	28.27	1.2	11.71	323.15
57	241	28.0	100832	41.13	100832	40.88	99119	90	28.22	1.22	0.84	323.99
58	242	28.0	100826	41.63	100825	41.3	92835	84	28.32	1.22	1.33	324.84
59	241	28.0	100825	41.71	100832	41.46	94675	86	28.18	1.24	0.91	325.47
60	241	28.0	100826	42.05	100825	41.88	94419	85	28.36	1.22	0.62	326.22
61	241	28.0	100827	41.55	100827	41.55	108544	98	28.22	1.23	1.13	326.77
62	241	28.0	100828	41.55	100827	41.8	108776	98	28.32	1.23	1.24	327.21
63	241	28.0	100828	41.21	100829	41.88	109003	99	28.32	1.23	0.93	327.8
64	241	28.0	100827	41.46	100830	41.21	109183	99	28.27	1.24	0.91	328.47
65	241	28.0	100828	41.3	100834	41.55	109393	99	28.13	1.22	0.59	329.11
66	241	28.0	100828	40.79	100832	40.96	109007	99	28.22	1.22	1.64	329.61
67	241	28.0	100835	40.79	100834	41.05	109003	99	28.27	1.24	1.86	330.17
68	240	28.0	100827	41.46	100826	41.55	108854	98	28.22	1.23	1.7	330.47
69	239	28.0	100827	40.79	100830	41.8	108653	98	28.22	1.24	0.49	330.99
70	240	28.0	100832	41.55	100825	40.88	108659	98	28.27	1.23	0.52	331.62
71	242	28.0	100833	41.38	100827	41.3	108602	98	28.27	1.23	1.36	332.07
72	240	28.0	100834	40.88	100831	41.13	108580	98	28.22	1.24	1.46	332.52
73	241	28.0	100833	41.38	100828	41.13	108492	98	28.27	1.23	0.88	333.06
74	239	28.0	100832	41.38	100833	40.96	108465	98	28.27	1.23	0.92	333.42
75	240	28.0	100835	41.3	100830	41.3	108408	98	28.22	1.25	1.42	333.7
76	239	28.0	100830	40.96	100830	41.13	108296	98	28.27	1.24	0.71	334.28
77	241	28.0	100832	40.71	100833	41.13	108456	98	28.27	1.22	1.02	334.72
78	238	28.0	100827	41.55	100830	41.21	108363	98	28.32	1.23	1.82	335.0
79	238	28.0	100825	41.71	100831	40.88	108408	98	28.22	1.23	1.14	335.53
80	238	28.0	100829	41.21	100830	40.79	108015	98	28.27	1.23	1.88	335.92
81	239	28.0	100834	40.88	100828	41.05	108228	98	28.27	1.24	0.85	336.44
82	240	28.0	100834	41.55	100832	41.05	108388	98	28.22	1.22	1.4	337.1
83	239	28.0	100830	40.88	100835	41.05	108371	98	28.22	1.23	1.34	337.35
84	238	28.1	100828	41.13	100828	41.96	108213	98	28.18	1.23	1.24	337.62
85	238	28.0	100828	41.55	100832	41.38	108122	98	28.13	1.22	1.63	338.29
86	239	28.1	100833	41.13	100835	41.3	108388	98	28.32	1.23	1.39	338.77
87	239	28.0	100831	41.3	100830	41.46	108077	98	28.27	1.23	2.07	338.96
88	240	28.1	100835	41.3	100831	40.88	107950	98	28.13	1.23	0.7	339.43
89	240	28.0	100827	41.46	100834	41.46	108009	98	28.32	1.23	0.56	339.77
90	243	28.1	100828	41.3	100830	40.88	108060	98	28.27	1.23	1.5	339.91
91	239	28.1	100834	41.8	100827	41.38	108022	98	28.32	1.24	0.9	340.27
92	239	28.1	100831	41.46	100828	41.21	107934	98	28.22	1.22	1.1	340.8
93	240	28.1	100830	40.96	100832	41.13	108006	98	28.27	1.22	2.65	340.84
94	239	28.1	100826	41.38	100832	41.13	108079	98	28.22	1.23	1.33	341.26
95	239	28.1	100832	41.46	100831	40.79	107945	98	28.27	1.22	1.54	341.62
96	243	28.1	100835	41.13	100834	41.3	107782	97	28.22	1.22	0.54	341.97
97	241	28.1	100833	41.3	100824	41.38	107765	97	28.18	1.23	1.11	342.24
98	239	28.1	100829	41.8	100826	41.71	107768	97	28.18	1.24	1.36	342.53
99	240	28.1	100828	41.88	100833	41.55	107822	98	28.22	1.22	1.13	342.77
100	239	28.1	100832	41.21	100833	41.13	107567	97	28.27	1.23	1.47	342.97
101	239	28.1	100832	41.38	100828	41.21	107650	97	28.27	1.22	0.75	343.33
102	238	28.1	100826	41.8	100830	41.3	107673	97	28.22	1.22	1.38	343.56
103	239	28.1	100828	41.8	100830	41.63	107765	97	28.27	1.24	2.99	344.05
104	239	28.1	100831	41.13	100835	41.21	107694	97	28.22	1.23	1.26	344.27
105	240	28.1	100830	41.71	100824	41.21	107704	97	28.22	1.23	0.68	344.49
106	238	28.1	100829	41.55	100834	41.3	107849	98	28.18	1.24	0.51	344.7
107	238	28.1	100822	41.13	100833	40.79	108115	98	28.13	1.24	1.59	345.08
108	242	28.1	100827	41.38	100826	41.13	108170	98	28.32	1.23	1.65	345.16
109	239	28.1	100833	41.05	100826	41.8	108175	98	28.36	1.23	2.17	345.29
110	239	28.1	100830	41.63	100825	40.96	108189	98	28.27	1.22	1.25	345.53
111	238	28.1	100825	41.8	100829	40.79	108223	98	28.22	1.23	2.49	345.93
112	240	28.1	100828	41.63	100828	41.13	107916	98	28.27	1.24	0.55	346.28
113	240	28.1	100826	40.96	100831	41.55	107891	98	28.22	1.23	1.34	346.46
114	240	28.1	100830	41.55	100827	41.3	107987	98	28.27	1.23	0.63	346.6
115	240	28.1	100825	40.88	100833	41.38	107986	98	28.27	1.23	0.88	346.73
116	241	28.1	100827	41.55	100829	41.71	107804	98	28.22	1.22	1.38	346.98
117	241	28.1	100830	41.05	100828	41.63	107799	97	28.22	1.23	2.17	347.04
118	240	28.1	100835	41.38	100829	41.05	107826	98	28.27	1.23	1.45	347.2
119	240	28.1	100834	41.05	100832	41.21	107765	97	28.22	1.25	1.71	347.26
120	239	28.1	100832	41.38	100835	41.3	107629	97	28.22	1.23	0.69	347.58
121	240	28.1	100831	41.63	100831	41.13	107664	97	28.27	1.24	1.49	347.59
122	240	28.1	100829	41.46	100830	40.71	107692	97	28.22	1.23	0.69	347.79
123	240	28.1	100834	41.55	100832	40.54	107653	97	28.22	1.23	1.93	347.83
124	240	28.1	100835	41.96	100824	41.8	107667	97	28.18	1.23	1.48	348.16
125	241	28.1	100823	41.8	100826	41.63	107664	97	28.18	1.23	1.3	348.24
126	241	28.1	100827	41.8	100828	41.13	107615	97	28.32	1.23	1.04	348.37
127	242	28.1	100832	41.55	100836	41.3	107498	97	28.22	1.24	0.7	348.59
128	240	28.1	100829	41.21	100825	41.05	107581	97	28.27	1.23	0.48	348.78
129	240	28.1	100833	41.55	100831	41.55	107522	97	28.32	1.22	0.35	348.97
130	240	28.1	100826	41.71	100835	40.71	107579	97	28.36	1.24	0.9	349.29
131	240	28.1	100830	41.13	100833	41.3	107240	97	28.32	1.22	1.07	349.47
132	240	28.1	100834	40.79	100838	40.21	107305	97	28.32	1.22	1.63	349.53
133	240	28.1	100832	40.88	100831	41.05	107378	97	28.27	1.22	1.53	349.62
134	243	28.1	100832	41.05	100831	41.3	107397	97	28.22	1.24	0.52	349.86
135	242	28.1	100832	40.63	100833	41.05	107099	97	28.32	1.23	1.05	350.08
136	240	28.1	100833	40.88	100836	40.63	107231	97	28.18	1.23	0.43	350.19
137	240	28.1	100836	40.63	100835	41.05	107254	97	28.22	1.23	0.77	350.32
138	241	28.1	100831	41.21	100833	41.05	107373	97	28.22	1.23	1.5	350.54
139	240	28.1	100835	41.3	100826	41.63	107074	97	28.27	1.24	1.28	350.73
140	241	28.1	100835	41.13	100835	41.8	107124	97	28.18	1.22	1.43	350.84
141	241	28.1	100829	41.3	100831	41.3	107156	97	28.22	1.22	2.11	350.74
142	241	28.1	100833	40.88	100833	41.46	107225	97	28.18	1.25	1.0	350.92
143	242	28.1	100827	41.38	100829	40.63	106826	97	28.22	1.24	1.04	351.01
144	240	28.1	100834	40.79	100836	41.38	106978	97	28.32	1.19	5.56	350.7
145	240	28.1	100834	40.79	100829	41.38	107051	97	28.27	1.22	11.49	349.4
146	244	28.1	100835	41.55	100828	41.05	107252	97	28.32	1.23	1.17	349.71
147	242	28.1	100835	40.88	100828	41.05	106989	97	28.32	1.24	1.36	349.99
148	240	28.1	100828	41.55	100829	41.46	107018	97	28.27	1.23	0.89	350.01
149	239	28.1	100830	41.38	100822	41.8	107009	97	28.32	1.24	0.77	350.05
150	241	28.1	100830	41.38	100831	41.21	107043	97	28.18	1.24	0.86	350.33
151	239	28.1	100835	41.05	100831	40.88	106829	97	28.27	1.23	0.92	350.47
152	239	28.1	100834	41.13	100831	41.38	106877	97	28.22	1.23	1.79	350.46
153	242	28.1	100832	40.88	100832	41.13	106943	97	28.27	1.24	1.17	350.78
154	240	28.1	100827	41.3	100836	41.05	106987	97	28.27	1.24	1.8	350.93
155	240	28.1	100825	41.55	100829	41.63	106687	96	28.32	1.23	1.13	350.97
156	240	28.1	100828	41.38	100831	41.63	106854	97	28.22	1.23	1.48	351.09
157	241	28.1	100834	41.13	100836	41.05	106886	97	28.27	1.22	1.43	351.11
158	240	28.1	100827	41.05	100830	41.05	106933	97	28.27	1.22	1.68	351.0
159	240	28.1	100828	41.8	100830	41.38	106577	96	28.22	1.22	1.04	351.08
160	240	28.1	100837	41.96	100826	40.96	106832	97	28.32	1.23	0.68	351.27
161	240	28.1	100833	41.3	100825	41.13	106846	97	28.18	1.23	1.16	351.36
162	241	28.1	100836	41.3	100844	40.54	106933	97	28.27	1.24	1.55	351.42
163	242	28.1	100833	40.88	100830	41.05	106606	96	28.32	1.24	1.45	351.44
164	240	28.1	100830	41.3	100826	41.05	106764	97	28.22	1.24	0.48	351.6
165	240	28.1	100831	40.88	100830	41.3	106779	97	28.27	1.22	1.76	351.52
166	242	28.1	100830	40.96	100830	40.63	106845	97	28.22	1.25	1.39	351.59
167	240	28.1	100837	40.96	100834	41.21	106538	96	28.13	1.24	1.57	351.58
168	239	28.1	100832	41.21	100835	40.96	106675	96	28.27	1.23	1.31	351.66
169	240	28.1	100834	41.21	100832	41.3	106674	96	28.22	1.25	0.92	351.76
170	240	28.1	100831	41.3	100830	41.3	106847	97	28.18	1.23	0.9	351.86
171	240	28.1	100830	41.3	100829	41.13	106499	96	28.18	1.24	1.26	351.9
172	246	28.1	100835	40.79	100829	41.3	106765	97	28.22	1.23	1.37	352.04
173	241	28.1	100833	41.21	100836	40.79	106774	97	28.32	1.22	0.63	352.17
174	243	28.1	100825	41.21	100825	41.63	106899	97	28.27	1.23	0.29	352.27
175	240	28.1	100828	40.96	100832	41.13	106602	96	28.22	1.24	0.99	352.44
176	240	28.1	100828	41.13	100833	41.46	106738	97	28.22	1.22	2.76	352.54
177	241	28.1	100829	41.3	100830	41.21	106674	96	28.18	1.23	0.54	352.57
178	238	28.1	100833	41.21	100832	40.88	106613	96	28.22	1.25	1.07	352.68
179	238	28.1	100837	40.71	100835	40.13	106379	96	28.32	1.24	1.7	352.55
180	239	28.1	100836	40.88	100835	41.13	106579	96	28.27	1.23	1.02	352.49
181	239	28.1	100830	40.79	100829	40.71	106629	96	28.13	1.24	1.49	352.55
182	240	28.1	100837	41.13	100834	40.96	106762	97	28.22	1.24	1.51	352.57
183	238	28.1	100831	41.38	100833	41.13	106522	96	28.27	1.23	1.67	352.53
184	238	28.1	100828	41.05	100834	40.88	106603	96	28.32	1.25	1.02	352.77
185	240	28.1	100836	40.54	100830	40.79	106645	96	28.22	1.25	5.03	352.26
186	237	28.1	100836	41.3	100834	41.13	106765	97	28.27	1.24	0.87	352.21
187	239	28.1	100824	41.13	100830	41.55	106470	96	28.22	1.24	1.04	352.27
188	238	28.1	100835	40.88	100834	41.21	106539	96	28.22	1.24	0.37	352.32
189	238	28.1	100837	41.05	100829	41.3	106525	96	28.32	1.23	2.25	352.09
190	238	28.1	100830	41.05	100836	41.05	106587	96	28.22	1.23	0.99	352.33
191	239	28.1	100826	41.38	100821	41.63	106236	96	28.27	1.23	1.31	352.62
192	241	28.1	100827	41.63	100824	41.55	106410	96	28.13	1.24	0.47	352.73
193	239	28.1	100835	41.38	100839	41.05	106437	96	28.22	1.25	1.13	352.71
194	239	28.1	100832	41.05	100837	40.88	106516	96	28.27	1.26	0.65	352.87
195	240	28.1	100833	41.13	100843	40.71	106279	96	28.41	1.24	0.97	352.8
196	239	28.1	100833	40.63	100835	41.13	106458	96	28.32	1.23	1.36	352.85
197	240	28.1	100834	41.3	100837	41.55	106526	96	28.18	1.23	2.08	352.72
198	240	28.1	100832	41.8	100833	41.13	106558	96	28.13	1.24	0.88	352.91
199	238	28.1	100837	41.13	100831	41.55	106354	96	28.22	1.24	1.42	353.0
200	239	28.1	100831	41.63	100831	41.13	106395	96	28.27	1.25	0.93	353.17
201	239	28.1	100830	41.63	100834	40.71	106569	96	28.18	1.24	1.94	352.97
202	239	28.1	100833	40.71	100837	40.88	106513	96	28.22	1.25	0.17	353.05
203	239	28.1	100833	41.55	100827	40.63	106414	96	28.27	1.24	0.94	353.27
204	240	28.1	100830	40.63	100828	41.13	106453	96	28.27	1.23	1.22	353.18
205	242	28.1	100843	40.88	100829	41.38	106501	96	28.13	1.24	0.76	353.27
206	238	28.1	100823	41.63	100834	40.88	106544	96	28.18	1.25	2.03	353.21
207	239	28.1	100832	40.13	100839	40.63	106440	96	28.22	1.24	0.56	353.36
208	238	28.1	100833	40.88	100839	41.13	106632	96	28.22	1.25	0.97	353.56
209	238	28.1	100834	41.3	100832	41.55	106744	97	28.27	1.24	1.32	353.63
210	239	28.1	100826	41.13	100837	40.88	106489	96	28.22	1.23	0.4	353.67
211	242	28.1	100829	41.55	100827	41.88	106569	96	28.18	1.25	1.74	353.59
212	238	28.1	100834	41.63	100827	41.13	106489	96	28.27	1.25	2.43	353.99
213	239	28.1	100831	40.96	100832	41.05	106744	97	28.22	1.24	0.97	354.08
214	239	28.1	100828	41.63	100834	40.71	106253	96	28.22	1.24	2.03	354.04
215	238	28.1	100830	41.3	100828	41.63	106356	96	28.18	1.26	0.82	354.1
216	239	28.1	100832	40.88	100833	40.71	106389	96	28.18	1.23	1.34	354.04
217	240	28.1	100837	41.63	100830	41.55	106460	96	28.22	1.24	1.01	353.92
218	239	28.1	100828	41.13	100825	41.55	106127	96	28.27	1.25	0.91	354.02
219	239	28.1	100821	41.8	100834	40.88	106285	96	28.27	1.23	2.03	354.15
220	240	28.1	100833	41.55	100831	41.38	106280	96	28.22	1.25	1.74	354.05
221	239	28.1	100830	41.46	100827	41.63	106374	96	28.22	1.25	1.39	354.29
222	240	28.1	100833	41.13	100835	41.8	106042	96	28.27	1.24	1.71	354.16
223	240	28.1	100829	41.05	100827	41.55	106167	96	28.27	1.25	1.03	354.24
224	241	28.1	100829	41.63	100823	41.8	106366	96	28.32	1.23	0.68	354.37
225	239	28.1	100827	41.96	100829	41.63	106505	96	28.22	1.24	2.32	354.24
226	241	28.1	100820	41.63	100823	41.8	106118	96	28.22	1.24	0.68	354.35
227	239	28.1	100826	41.46	100827	41.38	106185	96	28.22	1.23	1.3	354.41
228	239	28.1	100826	40.88	100832	41.38	106230	96	28.22	1.23	1.42	354.46
229	240	28.1	100833	41.13	100833	41.21	105986	96	28.18	1.22	2.11	354.42
230	240	28.1	100836	41.46	100834	41.71	105942	96	28.32	1.24	0.74	354.56
231	242	28.1	100826	41.3	100836	41.3	106072	96	28.32	1.25	0.98	354.45
232	238	28.1	100828	41.13	100832	41.55	106090	96	28.27	1.23	0.5	354.46
233	238	28.1	100829	41.46	100829	40.88	105986	96	28.32	1.24	0.84	354.5
234	240	28.1	100829	41.3	100824	41.3	106136	96	28.22	1.25	1.51	354.55
235	238	28.1	100833	40.96	100828	41.13	106180	96	28.22	1.24	2.13	354.37
236	239	28.1	100829	41.21	100831	41.05	107078	97	28.22	1.24	0.44	354.33
237	239	28.1	100832	41.21	100826	41.13	107368	97	28.22	1.23	1.32	354.17
238	239	28.1	100827	42.13	100820	41.3	108163	98	28.36	1.23	1.08	354.07
239	239	28.1	100828	41.71	100827	41.63	108445	98	28.22	1.25	1.28	353.96
240	240	28.1	100829	41.55	100821	41.21	108449	98	28.22	1.24	1.56	354.25
241	241	28.1	100824	41.63	100823	41.3	108242	98	28.27	1.24	2.35	354.65
242	239	28.1	100822	42.05	100823	41.8	108282	98	28.22	1.25	1.11	354.62
243	240	28.1	100828	41.3	100831	41.63	108140	98	28.22	1.26	3.74	354.51
244	241	28.1	100824	41.88	100826	41.21	107921	98	28.27	1.24	1.0	354.48
245	239	28.1	100825	41.13	100826	41.13	106102	96	28.22	1.25	3.87	354.14
246	239	28.1	100823	41.55	100829	41.63	104704	95	28.32	1.25	1.93	353.88
247	239	28.1	100824	41.38	100823	41.55	102955	93	28.27	1.26	0.65	353.82
248	239	28.1	100823	41.71	100824	41.96	100814	91	28.22	1.25	1.08	353.83
249	239	28.1	100828	41.38	100829	41.71	101048	91	28.18	1.25	1.42	353.89
250	240	28.1	100821	41.96	100829	41.8	104469	94	28.22	1.24	1.01	353.99
251	242	28.1	100827	41.63	100827	41.88	102722	93	28.22	1.25	1.76	353.83
252	239	28.1	100831	41.13	100826	41.38	103439	94	28.27	1.26	0.63	353.89
253	239	28.1	100827	41.38	100831	41.38	103833	94	28.27	1.24	0.51	353.92
254	238	28.1	100829	41.63	100830	41.55	103818	94	28.13	1.24	1.01	353.86
255	238	28.1	100827	41.13	100831	41.21	104678	95	28.27	1.24	0.7	354.0
256	238	28.1	100827	41.38	100828	41.21	105301	95	28.27	1.23	0.72	354.15
257	238	28.1	100826	41.88	100829	41.3	105392	95	28.22	1.24	0.46	354.19
258	238	28.1	100827	41.71	100819	41.63	104903	95	28.22	1.24	1.81	354.19
259	238	28.1	100832	41.38	100829	41.71	104899	95	28.27	1.24	1.25	354.18
260	238	28.1	100829	41.8	100823	41.3	104665	95	28.32	1.22	0.54	354.13
261	240	28.1	100831	41.21	100827	41.71	104682	95	28.22	1.23	0.36	354.23
262	238	28.1	100825	41.88	100829	41.63	104438	94	28.27	1.23	1.94	354.16
263	238	28.1	100826	41.55	100821	41.63	104471	94	28.36	1.23	0.65	354.25
264	239	28.1	100819	42.05	100826	41.21	104544	95	28.22	1.23	1.43	354.31
265	237	28.1	100828	41.46	100825	41.3	104625	95	28.18	1.24	1.55	354.36
266	237	28.1	100826	41.05	100828	41.55	104588	95	28.18	1.23	1.42	354.27
267	239	28.1	100831	40.96	100829	41.38	104175	94	28.22	1.24	0.46	354.37
268	237	28.1	100833	41.8	100829	41.21	104158	94	28.22	1.24	1.11	354.32
269	238	28.1	100827	41.46	100823	41.8	104343	94	28.22	1.25	0.94	354.29
270	238	28.1	100830	41.46	100831	41.13	104451	94	28.22	1.24	0.06	354.32
271	241	28.1	100830	41.8	100830	41.38	104037	94	28.27	1.24	1.25	354.33
272	238	28.1	100830	41.38	100831	41.13	104132	94	28.22	1.23	2.87	354.08
273	238	28.1	100830	41.3	100826	41.88	104343	94	28.22	1.24	1.02	354.14
274	240	28.1	100826	41.63	100827	41.38	104613	95	28.27	1.25	9.24	352.68
275	240	28.1	100823	41.63	100829	41.8	104254	94	28.27	1.2	6.57	353.28
276	241	28.1	100833	41.88	100830	41.46	103789	94	28.32	1.25	36.54	351.68
277	242	28.1	100830	40.96	100834	41.13	105418	95	28.27	1.26	10.64	351.21
278	243	28.1	100828	41.55	100830	41.38	105295	95	28.22	1.17	22.76	351.69
279	240	28.1	100826	41.8	100828	41.71	104509	95	28.22	1.24	3.13	351.93
280	240	28.1	100837	40.96	100830	41.38	103789	94	28.32	1.29	22.68	352.82
281	241	28.1	100832	42.05	100829	42.05	104262	94	28.13	1.23	8.52	352.06
282	241	28.1	100832	41.38	100836	41.13	105024	95	28.32	1.26	2.37	351.97
283	240	28.1	100826	41.63	100824	41.38	104960	95	28.18	1.25	1.23	352.21
284	243	28.1	100826	42.05	100823	41.13	104901	95	28.22	1.25	7.54	352.59
285	240	28.1	100828	41.63	100825	41.71	104778	95	28.22	1.26	6.01	352.96
286	239	28.1	100820	41.88	100822	41.63	104226	94	28.22	1.24	10.98	352.59
287	240	28.1	100835	41.46	100824	41.46	104726	95	28.32	1.25	15.55	353.19
288	239	28.1	100827	41.63	100823	41.3	103530	94	28.32	1.26	5.78	352.59
289	239	28.1	100829	41.8	100830	41.38	104397	94	28.32	1.23	3.16	352.48
290	236	28.1	100834	41.46	100829	40.96	104934	95	28.27	1.27	10.55	353.21
291	244	28.1	100830	42.05	100823	41.71	102494	93	28.22	1.18	21.31	342.92
292	239	28.1	100824	41.63	100825	41.21	103530	94	28.27	1.23	1.33	343.19
293	238	28.1	100821	41.38	100828	41.71	104220	94	28.32	1.25	2.05	343.35
294	238	28.1	100830	41.3	100827	41.88	104731	95	28.22	1.27	5.45	343.52
295	238	28.1	100826	41.21	100830	41.46	104744	95	28.18	1.26	3.69	343.58
296	234	28.1	100829	41.55	100825	41.3	105064	95	28.27	1.28	3.12	343.89
297	234	28.1	100831	41.38	100828	41.13	104710	95	28.22	1.27	1.31	344.09
298	234	28.1	100834	41.21	100831	40.96	105084	95	28.22	1.26	1.2	344.33
299	234	28.1	100832	41.63	100828	41.63	105247	95	28.27	1.27	1.33	344.43
300	235	28.1	100832	41.3	100832	41.55	105064	95	28.27	1.26	0.84	344.67
301	236	28.1	100826	42.05	100826	41.63	104931	95	28.22	1.29	6.07	344.88
302	236	28.1	100828	42.13	100824	41.63	104884	95	28.22	1.28	2.06	344.92
303	233	28.1	100820	41.8	100835	41.05	104975	95	28.22	1.25	0.95	345.32
304	233	28.1	100833	41.71	100823	41.38	104819	95	28.18	1.23	3.71	345.67
305	232	28.1	100827	41.88	100831	41.46	104977	95	28.22	1.26	1.32	345.88
306	233	28.1	100824	41.55	100831	41.8	105218	95	28.22	1.27	5.33	346.97
307	234	28.1	100825	41.38	100826	41.8	104773	95	28.18	1.19	3.1	346.96
308	234	28.1	100834	41.05	100832	41.38	103828	94	28.27	1.21	4.76	346.55
309	236	28.1	100828	41.21	100827	41.3	104995	95	28.27	1.22	28.94	346.69
310	216	28.1	100827	41.21	100828	41.55	105218	95	28.22	1.24	19.61	347.93
311	214	28.1	100826	41.88	100827	41.46	104718	95	28.18	1.27	21.12	348.5
312	231	28.1	100829	41.63	100826	41.21	105263	95	28.32	1.24	2.84	349.21
313	219	28.1	100827	41.8	100825	42.13	105238	95	28.22	1.27	2.48	349.26
314	220	28.1	100822	41.55	100823	41.8	104927	95	28.18	1.29	18.01	349.38
315	223	28.1	100826	40.63	100832	40.88	104296	94	28.22	1.13	35.39	338.61
316	222	28.1	100830	41.88	100829	41.21	104445	94	28.27	1.3	13.75	338.16
317	220	28.1	100822	41.13	100829	41.3	103689	94	28.32	1.29	5.8	338.69
318	220	28.1	100824	41.46	100829	41.38	104467	94	28.27	1.27	1.74	339.03
319	217	28.1	100830	42.05	100827	41.8	104521	95	28.22	1.26	5.77	339.16
320	221	28.1	100824	41.38	100825	41.71	104432	94	28.22	1.29	0.33	339.51
321	221	28.1	100835	41.55	100826	40.96	104117	94	28.27	1.27	0.77	339.81
322	219	28.1	100822	41.55	100832	42.05	104326	94	28.27	1.29	1.85	340.04
323	220	28.1	100826	41.46	100832	41.55	104382	94	28.32	1.28	1.36	340.26
324	225	28.1	100828	41.96	100828	41.71	103995	94	28.27	1.29	4.67	340.74
325	222	28.1	100824	42.05	100823	41.63	104050	94	28.27	1.28	0.37	341.05
326	221	28.1	100824	41.13	100826	41.55	104228	94	28.22	1.3	3.57	341.14
327	221	28.1	100825	41.88	100824	41.96	103889	94	28.22	1.26	0.62	341.32
328	217	28.1	100819	41.38	100826	42.05	103752	94	28.32	1.28	0.55	341.66
329	217	28.1	100827	42.22	100826	41.3	103942	94	28.32	1.29	1.65	342.17
330	217	28.1	100828	42.22	100820	41.38	104242	94	28.27	1.28	11.0	342.05
331	220	28.1	100833	41.55	100828	41.88	103480	94	28.22	1.27	3.21	342.38
332	216	28.1	100825	41.63	100830	41.71	103846	94	28.27	1.19	19.54	339.65
333	216	28.1	100825	41.71	100821	41.63	104053	94	28.22	1.28	3.58	340.01
334	218	28.1	100826	41.71	100823	41.55	103887	94	28.22	1.28	11.03	340.7
335	215	28.1	100832	41.46	100829	41.3	104109	94	28.27	1.27	4.83	341.1
336	216	28.1	100827	41.55	100827	42.3	104448	94	28.22	1.28	0.94	341.47
337	215	28.1	100826	42.22	100820	41.63	104078	94	28.27	1.27	1.36	341.98
338	217	28.1	100829	41.55	100823	41.55	104295	94	28.08	1.31	21.07	344.31
339	219	28.1	100820	41.71	100828	41.71	104411	94	28.32	1.28	1.36	344.43
340	219	28.1	100828	41.38	100826	41.88	104362	94	28.27	1.4	10.1	345.8
341	221	28.1	100831	41.13	100826	40.63	104416	94	28.32	1.26	0.71	346.0
342	218	28.1	100829	40.88	100830	40.96	104573	95	28.22	1.28	0.49	346.3
343	225	28.1	100829	40.96	100831	41.38	104820	95	28.18	1.27	1.15	346.48
344	220	28.1	100830	40.88	100835	41.13	104084	94	28.32	1.27	1.99	346.71
345	217	28.1	100831	40.88	100833	41.38	104089	94	28.22	1.26	1.44	346.92
346	218	28.1	100827	41.38	100832	41.13	104260	94	28.27	1.27	0.83	347.09
347	216	28.1	100830	41.63	100832	41.71	104405	94	28.32	1.27	1.14	347.15
348	215	28.1	100825	41.46	100823	41.63	104051	94	28.27	1.27	0.38	347.41
349	215	28.1	100819	41.96	100826	41.55	104234	94	28.22	1.28	1.05	347.51
350	214	28.1	100824	41.55	100829	41.55	104516	95	28.22	1.28	0.62	347.77
351	217	28.1	100825	41.63	100824	41.46	104160	94	28.27	1.28	1.62	347.99
352	216	28.1	100826	41.3	100827	41.21	104424	94	28.27	1.27	0.79	348.22
353	218	28.1	100830	41.46	100832	41.71	104536	95	28.22	1.27	1.68	348.32
354	221	28.1	100819	41.55	100822	41.88	104745	95	28.32	1.28	0.75	348.43
355	220	28.1	100832	41.38	100827	41.38	104312	94	28.18	1.28	1.82	348.51
356	220	28.1	100826	41.88	100822	41.63	104664	95	28.22	1.29	0.77	348.82
357	219	28.1	100827	41.55	100826	41.96	104698	95	28.22	1.28	1.56	349.04
358	219	28.1	100823	41.88	100824	41.63	104915	95	28.36	1.27	0.53	349.22
359	218	28.1	100826	41.63	100824	41.71	104439	94	28.27	1.27	0.93	349.35
360	221	28.1	100827	41.63	100821	42.13	104733	95	28.32	1.28	1.55	349.48
361	221	28.1	100821	41.71	100826	41.71	104854	95	28.13	1.27	1.02	349.54
362	218	28.1	100826	41.38	100828	41.13	105026	95	28.18	1.29	0.55	349.65
363	218	28.1	100828	41.63	100831	40.88	104629	95	28.32	1.29	0.97	349.84
364	225	28.1	100837	41.3	100829	41.38	104861	95	28.32	1.27	0.9	350.03
365	218	28.1	100833	41.46	100834	41.8	104904	95	28.18	1.28	1.32	350.18
366	219	28.1	100830	41.3	100824	42.05	105030	95	28.18	1.26	1.74	350.4
367	219	28.1	100829	41.55	100827	41.38	104618	95	28.32	1.29	0.55	350.5
368	220	28.1	100830	40.96	100824	41.55	104915	95	28.27	1.28	1.01	350.63
369	217	28.1	100831	42.05	100820	41.96	104969	95	28.22	1.28	1.33	350.82
370	217	28.1	100830	42.05	100822	41.88	105059	95	28.13	1.26	0.38	350.94
371	217	28.1	100828	42.05	100824	41.55	104727	95	28.32	1.26	1.04	351.14
372	223	28.1	100832	41.55	100832	41.38	104872	95	28.27	1.28	1.74	351.29
373	217	28.1	100832	40.88	100827	41.3	105063	95	28.32	1.27	0.87	351.46
374	217	28.1	100824	41.46	100825	42.3	104998	95	28.32	1.26	1.44	351.58
375	220	28.1	100831	41.71	100823	41.55	104971	95	28.18	1.29	1.42	351.79
376	217	28.1	100823	41.13	100831	41.38	104998	95	28.27	1.27	0.75	351.91
377	217	28.1	100830	41.96	100830	41.8	105219	95	28.32	1.26	0.71	352.09
378	217	28.1	100829	41.71	100827	41.71	104784	95	28.22	1.28	3.62	351.71
379	219	28.1	100823	41.8	100830	41.88	105110	95	28.27	1.26	2.3	352.04
380	220	28.1	100818	42.05	100823	41.88	105035	95	28.22	1.3	16.45	354.83
381	217	28.1	100820	41.96	100829	41.71	104736	95	28.27	1.21	6.81	356.07
382	221	28.1	100827	41.55	100827	42.05	104518	95	28.18	1.26	3.1	356.17
383	224	28.1	100829	41.05	100831	41.38	104897	95	28.22	1.3	6.56	356.1
384	225	28.1	100834	41.05	100832	41.38	105117	95	28.32	1.27	0.96	356.05
385	229	28.1	100827	41.05	100829	42.05	104239	94	28.27	1.28	6.9	355.94
386	228	28.1	100828	41.55	100827	41.63	104147	94	28.27	1.22	2.84	356.33
387	233	28.1	100821	41.88	100822	41.21	104339	94	28.32	1.25	4.64	355.92
388	230	28.1	100823	41.38	100819	42.22	104909	95	28.27	1.21	1.75	356.32
389	230	28.1	100819	41.96	100820	41.96	104998	95	28.18	1.25	1.17	356.61
390	231	28.1	100826	41.55	100824	41.8	105340	95	28.22	1.29	7.89	357.35
391	232	28.1	100826	41.21	100827	41.8	105511	95	28.27	1.26	8.58	356.4
392	235	28.1	100820	41.46	100825	41.88	104705	95	28.22	1.26	6.57	356.23
393	234	28.1	100823	41.96	100821	41.88	105021	95	28.22	1.26	0.75	356.33
394	235	28.1	100823	41.55	100824	41.46	105340	95	28.18	1.26	2.15	356.2
395	235	28.1	100821	41.55	100824	41.71	105153	95	28.22	1.25	3.81	355.98
396	235	28.1	100825	41.63	100829	41.13	104520	95	28.32	1.23	7.34	357.17
397	228	28.1	100829	40.96	100835	41.3	104813	95	28.36	1.23	8.84	358.52
398	227	28.1	100835	40.13	100835	40.96	105081	95	28.22	1.25	0.22	358.54
399	227	28.1	100829	40.88	100837	40.79	104725	95	28.22	1.27	4.13	358.05
400	228	28.1	100834	41.05	100837	41.13	105427	95	28.27	1.27	1.26	358.2
401	228	28.1	100828	40.79	100834	40.88	105388	95	28.36	1.21	6.0	358.23
402	229	28.1	100834	41.05	100823	41.38	104437	94	28.32	1.29	5.28	358.61
403	231	28.1	100830	41.55	100831	41.55	104853	95	28.18	1.27	2.99	358.25
404	235	28.1	100832	41.3	100830	41.3	105221	95	28.27	1.29	2.66	358.06
405	236	28.1	100830	41.05	100830	41.55	105172	95	28.27	1.27	2.3	357.76
406	237	28.1	100832	41.13	100833	41.38	105354	95	28.32	1.29	1.71	357.98
407	233	28.1	100834	40.96	100832	41.13	105375	95	28.32	1.27	3.59	358.58
408	234	28.1	100832	41.3	100838	40.63	105437	95	28.27	1.27	14.49	358.77
409	233	28.1	100829	41.3	100829	41.3	104900	95	28.32	1.31	28.84	356.91
410	232	28.1	100827	41.8	100826	41.63	105084	95	28.32	1.28	2.72	357.13
411	231	28.1	100833	41.3	100831	40.88	105368	95	28.27	1.28	1.38	357.1
412	237	28.1	100832	40.88	100834	41.21	104805	95	28.27	1.28	8.39	356.74
413	232	28.1	100826	41.55	100833	41.55	104822	95	28.41	1.29	0.76	356.6
414	234	28.1	100830	41.8	100830	41.3	105084	95	28.27	1.29	2.17	356.96
415	224	28.1	100831	41.21	100829	41.3	105069	95	28.27	1.28	1.01	357.08
416	220	28.1	100829	41.55	100829	41.38	104643	95	28.32	1.29	0.93	357.22
417	219	28.1	100824	41.46	100824	41.55	104873	95	28.32	1.27	2.97	357.69
418	219	28.1	100827	41.63	100832	41.38	104914	95	28.32	1.27	2.2	357.63
419	215	28.1	100829	41.05	100834	40.88	104942	95	28.32	1.27	1.44	357.8
420	215	28.1	100832	41.46	100831	41.13	104445	94	28.22	1.28	1.56	357.66
421	215	28.1	100827	41.63	100830	41.21	104650	95	28.32	1.28	2.55	357.6
422	217	28.1	100835	41.46	100834	41.3	104765	95	28.36	1.27	1.98	357.72
423	217	28.1	100836	41.05	100827	41.46	104775	95	28.22	1.27	1.74	357.76
424	216	28.1	100829	40.88	100826	41.71	104214	94	28.22	1.28	1.38	357.98
425	222	28.1	100826	41.21	100824	41.3	104381	94	28.27	1.27	0.56	357.94
426	215	28.1	100834	41.21	100826	41.3	104412	94	28.32	1.28	0.79	357.86
427	213	28.1	100830	41.21	100832	41.21	104579	95	28.32	1.28	0.9	357.85
428	214	28.1	100831	41.38	100833	41.46	104028	94	28.27	1.28	0.52	357.81
429	217	28.1	100828	41.38	100826	41.21	104078	94	28.27	1.26	1.71	357.74
430	212	28.1	100832	41.13	100829	40.96	104279	94	28.27	1.3	1.85	357.61
431	212	28.1	100829	40.88	100831	41.3	104235	94	28.27	1.28	1.49	357.56
432	211	28.1	100833	41.46	100831	41.46	104220	94	28.32	1.28	0.68	357.53
433	217	28.1	100829	41.13	100831	41.21	104241	94	28.27	1.32	7.11	357.0
434	212	28.1	100834	41.55	100833	41.38	104346	94	28.36	1.28	3.56	356.72
435	212	28.1	100833	41.38	100829	40.88	104081	94	28.32	1.21	25.59	356.55
436	212	28.1	100829	41.55	100828	41.13	104347	94	28.27	1.28	4.94	356.5
437	211	28.1	100832	40.96	100831	41.21	104308	94	28.22	1.29	2.14	356.43
438	215	28.1	100832	40.96	100833	41.38	104599	95	28.22	1.3	4.12	356.0
439	211	28.1	100839	41.13	100832	41.63	103996	94	28.36	1.29	3.67	356.03
440	211	28.1	100835	40.88	100832	40.96	104139	94	28.22	1.29	2.09	356.21
441	213	28.1	100837	40.21	100834	41.05	104142	94	28.22	1.27	3.06	356.19
442	211	28.1	100834	41.13	100831	40.96	104599	95	28.36	1.29	1.63	356.05
443	213	28.1	100829	41.3	100835	41.05	103848	94	28.27	1.3	5.35	356.5
444	212	28.1	100834	41.05	100833	41.38	103786	94	28.22	1.28	1.86	356.49
445	212	28.1	100831	41.38	100832	40.63	103836	94	28.32	1.29	1.78	356.43
446	212	28.1	100829	41.46	100829	41.55	103333	93	28.27	1.29	1.41	356.57
447	210	28.1	100835	41.38	100831	41.21	103963	94	28.22	1.28	0.44	356.56
448	214	28.1	100839	41.13	100837	41.3	104251	94	28.22	1.29	1.16	356.54
449	210	28.1	100828	41.71	100833	41.13	104359	94	28.27	1.26	1.22	356.48
450	210	28.1	100833	41.13	100833	40.71	104216	94	28.27	1.28	0.26	356.49
451	210	28.1	100838	41.55	100837	41.3	104227	94	28.18	1.29	2.14	356.73
452	211	28.1	100835	40.63	100837	41.05	104194	94	28.22	1.19	21.51	346.61
453	213	28.1	100832	40.71	100837	41.05	103653	94	28.27	1.27	4.3	346.56
454	211	28.1	100837	40.71	100835	41.38	103984	94	28.32	1.27	13.74	347.02
455	211	28.1	100837	40.79	100834	40.96	104227	94	28.22	1.28	1.59	347.46
456	211	28.1	100834	41.05	100829	41.55	103959	94	28.27	1.27	6.11	347.55
457	210	28.1	100825	41.13	100826	41.38	103220	93	28.32	1.28	3.58	347.96
458	210	28.1	100827	41.8	100823	41.55	103478	94	28.22	1.27	2.33	348.15
459	210	28.1	100824	41.13	100829	41.21	103440	94	28.27	1.26	1.08	348.34
460	210	28.1	100830	40.63	100834	41.13	103539	94	28.32	1.27	0.69	348.55
461	213	28.1	100830	40.96	100826	41.63	103230	93	28.32	1.27	1.45	348.62
462	210	28.1	100831	41.63	100823	41.8	103266	93	28.27	1.29	0.84	348.76
463	213	28.1	100831	41.55	100824	42.05	103276	93	28.32	1.27	0.57	348.99
464	212	28.1	100827	41.38	100829	41.63	103515	94	28.32	1.27	1.27	349.11
465	209	28.1	100823	41.55	100829	41.55	103793	94	28.27	1.28	2.07	348.99
466	216	28.1	100829	41.3	100825	41.46	103414	94	28.27	1.29	1.88	349.34
467	215	28.1	100829	41.63	100825	41.63	103728	94	28.22	1.28	1.13	349.43
468	210	28.1	100823	41.55	100826	41.3	103806	94	28.27	1.27	1.27	349.56
469	210	28.1	100832	41.38	100827	41.63	103984	94	28.27	1.29	2.14	349.53
470	213	28.1	100834	41.55	100832	41.8	103720	94	28.32	1.28	0.81	349.77
471	210	28.1	100827	40.96	100826	41.55	103772	94	28.36	1.29	3.59	349.7
472	211	28.1	100832	41.3	100822	41.46	103845	94	28.32	1.28	2.23	349.74
473	213	28.1	100834	41.88	100826	41.21	104074	94	28.27	1.29	0.83	349.9
474	214	28.1	100828	41.46	100830	41.71	103803	94	28.27	1.3	0.32	350.04
475	210	28.1	100823	41.3	100827	41.21	103642	94	28.32	1.28	0.59	350.14
476	209	28.1	100826	41.55	100832	42.05	103645	94	28.27	1.29	0.98	350.2
477	209	28.1	100832	41.63	100829	41.38	103881	94	28.27	1.29	1.47	350.29
478	209	28.1	100828	41.71	100831	41.8	103962	94	28.27	1.29	1.27	350.25
479	210	28.1	100824	41.63	100835	41.63	103469	94	28.32	1.28	0.46	350.45
480	211	28.1	100835	41.05	100830	41.13	103501	94	28.27	1.33	5.47	350.71
481	209	28.1	100829	41.13	100830	41.63	103593	94	28.27	1.28	1.42	350.67
482	209	28.1	100829	41.88	100829	41.38	103619	94	28.32	1.27	0.69	350.86
483	209	28.1	100828	40.79	100836	40.88	103034	93	28.36	1.27	0.53	351.07
484	210	28.1	100833	41.55	100826	41.21	103261	93	28.32	1.28	0.36	351.26
485	210	28.1	100833	41.13	100835	41.38	103363	93	28.36	1.27	0.91	351.3
486	209	28.1	100825	41.63	100829	41.55	103441	94	28.27	1.28	0.75	351.47
487	214	28.1	100822	42.05	100831	41.21	103140	93	28.41	1.28	1.24	351.5
488	209	28.1	100826	41.71	100817	41.38	103238	93	28.27	1.29	1.04	351.74
489	209	28.1	100823	41.8	100821	41.63	103306	93	28.27	1.28	0.92	351.9
490	210	28.1	100828	41.3	100828	41.71	103484	94	28.32	1.29	0.64	352.08
491	209	28.1	100827	40.79	100832	41.21	103335	93	28.32	1.18	12.07	346.81
492	209	28.1	100829	41.13	100830	40.88	103376	93	28.32	1.29	1.89	347.01
493	210	28.1	100830	41.3	100830	41.13	103198	93	28.27	1.28	1.91	347.09
494	214	28.1	100830	41.21	100822	41.8	103256	93	28.32	1.29	0.79	347.24
495	209	28.1	100828	41.05	100837	41.46	103062	93	28.32	1.29	1.33	347.66
496	209	28.1	100828	41.3	100827	41.13	103376	93	28.27	1.29	2.19	348.2
497	212	28.1	100826	41.63	100820	41.8	103088	93	28.27	1.3	1.19	348.34
498	209	28.1	100834	41.63	100833	41.3	103273	93	28.22	1.28	1.35	348.57
499	208	28.1	100832	41.46	100830	41.38	103249	93	28.27	1.26	2.54	348.78
500	210	28.1	100827	41.55	100832	41.38	102903	93	28.36	1.28	1.05	349.11
501	209	28.1	100826	40.88	100830	41.38	103047	93	28.32	1.28	1.44	349.26
502	208	28.1	100823	41.05	100831	41.13	103331	93	28.22	1.28	0.81	349.41
503	210	28.1	100831	41.55	100834	41.38	103473	94	28.18	1.28	1.52	349.43
504	209	28.1	100834	41.05	100826	41.8	102903	93	28.27	1.29	1.04	349.47
505	212	28.1	100832	41.8	100824	41.3	103178	93	28.22	1.28	3.09	350.16
506	208	28.1	100829	41.8	100832	41.3	103176	93	28.22	1.29	1.97	350.16
507	208	28.1	100830	41.88	100830	41.38	103414	94	28.27	1.3	2.42	350.51
508	212	28.1	100830	41.63	100832	41.05	103150	93	28.32	1.31	3.53	350.72
509	208	28.1	100828	41.55	100829	41.63	103737	94	28.22	1.29	1.83	350.68
510	208	28.1	100822	41.38	100824	41.46	103576	94	28.27	1.28	7.15	350.56
511	208	28.1	100829	41.3	100823	41.8	103692	94	28.27	1.29	3.06	350.97
512	208	28.1	100830	41.38	100827	41.46	103479	94	28.32	1.28	4.09	351.1
513	209	28.1	100820	41.55	100829	41.3	103522	94	28.27	1.29	3.79	351.17
514	212	28.1	100826	41.55	100830	41.55	103423	94	28.22	1.25	7.16	350.45
515	209	28.1	100827	41.38	100830	41.63	103529	94	28.32	1.28	1.33	350.51
516	209	28.1	100826	41.38	100829	40.88	103282	93	28.27	1.3	0.92	350.65
517	214	28.1	100829	41.55	100828	41.46	102916	93	28.32	1.29	0.86	350.92
518	209	28.1	100834	41.55	100830	41.38	102366	93	28.22	1.29	1.95	350.83
519	209	28.1	100830	41.13	100832	41.46	102406	93	28.32	1.29	7.41	351.44
520	209	28.1	100824	41.3	100824	41.13	102711	93	28.22	1.3	1.16	351.54
521	211	28.1	100832	41.55	100828	41.63	102288	92	28.27	1.24	2.38	351.73
522	209	28.1	100834	41.46	100825	41.13	102273	92	28.22	1.32	2.44	351.51
523	209	28.1	100825	41.38	100833	41.55	102470	93	28.22	1.24	3.38	351.13
524	218	28.1	100828	41.88	100825	41.13	102905	93	28.27	1.28	1.5	351.19
525	216	28.1	100830	41.3	100829	41.38	102574	93	28.22	1.28	0.46	351.31
526	214	28.1	100832	40.96	100831	41.21	102760	93	28.32	1.27	0.41	351.5
527	213	28.1	100831	41.3	100827	41.55	102944	93	28.27	1.53	27.0	355.79
528	220	28.1	100833	41.8	100823	41.88	103124	93	28.32	1.28	0.96	355.81
529	214	28.1	100824	42.22	100825	41.3	102644	93	28.32	1.28	1.23	355.87
530	210	28.1	100826	41.55	100834	41.88	102728	93	28.27	1.29	2.2	355.93
531	213	28.1	100828	41.8	100824	41.63	102845	93	28.36	1.32	2.77	356.27
532	209	28.1	100823	41.38	100823	41.55	102870	93	28.32	1.35	30.73	355.47
533	210	28.1	100825	41.8	100826	41.05	102459	93	28.22	1.23	4.17	355.35
534	209	28.1	100829	42.3	100827	42.38	102738	93	28.22	1.28	1.19	355.51
535	210	28.1	100827	41.55	100828	41.55	103065	93	28.27	1.28	3.6	355.59
536	215	28.1	100827	41.63	100829	41.88	102825	93	28.22	1.26	2.78	355.27
537	213	28.1	100822	41.96	100827	42.05	102670	93	28.32	1.27	1.06	355.36
538	212	28.1	100827	41.38	100827	41.55	102800	93	28.22	1.29	1.42	355.3
539	210	28.1	100832	40.63	100837	41.38	102905	93	28.27	1.32	6.9	354.94
540	209	28.1	100844	41.55	100832	40.71	102651	93	28.36	1.29	0.72	354.96
541	209	28.1	100835	41.3	100831	40.88	102601	93	28.22	1.27	0.62	355.12
542	209	28.1	100829	40.71	100832	40.96	102505	93	28.41	1.27	1.51	355.08
543	209	28.1	100838	40.79	100837	41.21	102613	93	28.27	1.29	3.45	355.33
544	209	28.1	100833	40.96	100835	40.96	102346	93	28.32	1.29	1.65	355.45
545	209	28.1	100830	40.13	100839	40.63	102318	93	28.32	1.29	4.16	355.11
546	209	28.1	100833	40.54	100832	41.21	102375	93	28.18	1.29	3.45	354.94
547	209	28.1	100836	41.63	100837	41.13	102503	93	28.32	1.26	1.33	355.0
548	210	28.1	100831	41.3	100830	40.88	102123	92	28.32	1.26	2.34	355.32
549	215	28.1	100832	40.88	100836	40.54	102353	93	28.18	1.27	1.11	355.37
550	208	28.1	100836	41.63	100831	40.96	102330	93	28.32	1.29	1.83	355.33
551	210	28.1	100837	41.05	100837	40.88	102459	93	28.22	1.28	1.71	355.24
552	209	28.1	100835	41.3	100825	41.38	102054	92	28.18	1.27	0.56	355.37
553	211	28.1	100830	41.38	100832	41.13	102178	92	28.22	1.28	0.91	355.52
554	209	28.1	100828	41.3	100828	40.71	102223	92	28.27	1.27	1.52	355.46
555	209	28.1	100829	41.38	100831	41.3	102361	93	28.36	1.28	0.55	355.47
556	210	28.1	100819	42.05	100832	41.38	101981	92	28.32	1.26	0.69	355.47
557	212	28.1	100833	41.21	100829	41.8	102156	92	28.22	1.28	1.11	355.5
558	209	28.1	100831	41.38	100826	41.55	102193	92	28.32	1.28	3.42	355.4
559	209	28.1	100830	41.05	100836	41.05	102409	93	28.36	1.27	1.04	355.61
560	209	28.1	100830	41.55	100831	41.21	102134	92	28.27	1.27	0.78	355.74
561	209	28.1	100826	41.46	100829	41.38	102161	92	28.22	1.28	1.22	355.75
562	208	28.1	100830	41.21	100829	41.38	102244	92	28.18	1.27	1.59	355.82
563	209	28.1	100834	41.3	100836	41.3	102430	93	28.22	1.28	0.93	355.86
564	208	28.1	100824	41.63	100828	41.05	102174	92	28.27	1.28	1.28	355.82
565	212	28.1	100832	41.55	100828	41.46	102092	92	28.22	1.28	0.51	355.88
566	209	28.1	100827	41.55	100833	41.38	102171	92	28.32	1.28	2.91	355.76
567	209	28.1	100833	40.88	100835	41.3	102367	93	28.27	1.26	10.52	356.51
568	211	28.1	100831	41.13	100836	40.21	102003	92	28.32	1.28	0.58	356.49
569	209	28.1	100835	41.38	100833	40.88	102100	92	28.22	1.29	1.06	356.69
570	214	28.1	100835	40.88	100835	40.88	102247	92	28.27	1.27	0.62	356.77
571	210	28.1	100831	40.71	100834	41.46	102392	93	28.22	1.28	2.27	356.58
572	208	28.1	100832	40.88	100839	41.3	101875	92	28.41	1.27	0.95	356.78
573	208	28.1	100829	41.05	100835	41.21	102133	92	28.36	1.28	1.06	356.81
574	208	28.1	100834	40.71	100833	41.38	102198	92	28.22	1.28	1.91	356.74
575	208	28.1	100838	40.63	100836	41.05	102338	93	28.27	1.28	2.22	356.64
576	209	28.1	100836	40.79	100832	41.13	101858	92	28.22	1.31	10.61	355.16
577	212	28.1	100830	41.55	100835	41.13	102197	92	28.32	1.28	1.18	355.4
578	212	28.1	100830	40.63	100835	40.63	102217	92	28.27	1.27	2.58	355.28
579	208	28.1	100837	41.3	100833	41.71	102339	93	28.22	1.27	4.02	355.31
580	207	28.1	100832	41.3	100831	41.38	101825	92	28.22	1.14	19.41	350.56
581	210	28.1	100830	41.21	100827	41.3	101999	92	28.18	1.28	1.06	350.81
582	208	28.1	100831	41.13	100829	41.05	102121	92	28.32	1.28	5.04	350.84
583	208	28.1	100832	40.79	100833	41.05	102251	92	28.22	1.28	1.89	350.95
584	208	28.1	100832	40.96	100837	40.13	102031	92	28.32	1.28	0.97	351.13
585	207	28.1	100844	41.13	100837	40.88	102227	92	28.32	1.29	5.73	351.16
586	210	28.1	100833	41.3	100832	40.96	102331	93	28.32	1.24	7.83	351.3
587	207	28.1	100830	41.3	100830	40.71	102042	92	28.27	1.28	1.5	351.44
588	209	28.1	100836	40.71	100832	40.79	102150	92	28.22	1.28	5.26	351.59
589	207	28.1	100843	41.13	100844	40.63	102123	92	28.32	1.43	14.59	349.59
590	209	28.1	100831	41.13	100843	40.88	102276	92	28.22	1.28	3.08	349.81
591	209	28.1	100833	41.05	100835	41.13	101894	92	28.22	1.28	1.28	349.9
592	207	28.1	100838	41.13	100837	40.13	102082	92	28.36	1.28	0.82	350.06
593	209	28.1	100836	40.13	100833	40.96	101810	92	28.22	1.27	0.13	350.2
594	207	28.1	100843	41.05	100830	40.96	101786	92	28.32	1.28	1.71	350.25
595	207	28.1	100828	41.38	100829	41.55	101407	92	28.32	1.29	2.4	350.42
596	207	28.1	100829	41.13	100829	41.55	101647	92	28.22	1.29	2.58	350.25
597	208	28.1	100829	40.96	100830	41.13	101866	92	28.27	1.29	2.21	350.19
598	209	28.1	100834	41.55	100833	41.71	101736	92	28.32	1.3	2.13	350.26
599	211	28.1	100832	41.21	100829	41.46	101591	92	28.32	1.3	3.23	350.38
600	207	28.1	100831	41.38	100828	41.21	101776	92	28.27	1.29	0.81	350.49
601	211	28.1	100825	41.3	100829	41.55	102004	92	28.22	1.3	0.7	350.59
602	207	28.0	100828	41.3	100829	41.13	101620	92	28.32	1.29	1.31	350.61
603	209	28.0	100825	41.88	100829	41.71	101814	92	28.27	1.29	0.99	350.76
604	207	28.0	100826	42.05	100829	41.38	101942	92	28.22	1.3	4.49	350.64
605	207	28.0	100834	41.13	100833	41.13	102020	92	28.32	1.29	1.78	350.76
606	208	28.1	100830	41.38	100831	41.3	101747	92	28.22	1.29	1.53	350.8
607	207	28.0	100829	41.55	100829	41.38	101877	92	28.18	1.29	0.91	351.05
608	207	28.1	100824	41.8	100827	41.55	101998	92	28.22	1.28	0.73	351.11
609	208	28.0	100826	41.21	100829	41.55	102182	92	28.32	1.28	1.3	351.08
610	209	28.0	100827	41.05	100829	41.8	102106	92	28.08	1.29	1.29	351.14
611	207	28.0	100826	41.71	100826	41.71	101956	92	28.36	1.28	0.58	351.28
612	207	28.1	100828	41.38	100830	42.05	102073	92	28.22	1.28	1.37	351.35
613	211	28.0	100825	42.47	100824	41.71	102271	92	28.32	1.3	1.06	351.59
614	207	28.0	100824	41.63	100826	41.8	102304	93	28.18	1.31	4.73	351.29
615	206	28.1	100825	41.88	100823	41.8	101943	92	28.27	1.28	0.76	351.34
616	207	28.0	100833	40.79	100825	41.63	102071	92	28.32	1.28	5.01	351.44
617	206	28.0	100833	40.96	100834	41.55	102274	92	28.22	1.28	2.01	351.38
618	207	28.0	100826	41.3	100830	41.3	102286	92	28.27	1.27	0.73	351.41
619	206	28.0	100829	41.38	100833	41.55	102234	92	28.22	1.27	1.42	351.59
620	212	28.0	100828	41.63	100829	41.38	102731	93	28.18	1.29	3.38	351.4
621	206	28.0	100827	41.71	100830	41.3	102826	93	28.27	1.28	1.99	351.47
622	206	28.0	100823	41.3	100829	41.71	102947	93	28.32	1.28	1.18	351.4
623	206	28.0	100824	41.88	100829	41.71	102626	93	28.32	1.27	0.96	351.51
624	207	28.0	100826	41.63	100827	41.71	102678	93	28.27	1.28	1.52	351.57
625	206	28.0	100828	41.46	100821	41.96	103037	93	28.32	1.31	2.47	351.74
626	207	28.0	100827	41.63	100824	41.3	103258	93	28.22	1.28	2.93	351.97
627	208	28.0	100830	41.21	100825	41.38	102712	93	28.22	1.28	3.27	351.99
628	206	28.0	100833	41.3	100830	41.05	102753	93	28.27	1.29	1.29	352.06
629	207	28.1	100828	41.3	100829	41.55	102893	93	28.27	1.3	0.82	352.21
630	206	28.0	100825	41.55	100829	41.63	102966	93	28.22	1.29	1.07	352.14
631	206	28.0	100822	41.13	100830	41.46	102555	93	28.22	1.3	0.86	352.15
632	206	28.0	100824	41.38	100828	41.21	102647	93	28.27	1.29	3.82	352.12
633	206	28.0	100827	41.46	100818	41.71	102802	93	28.27	1.29	1.28	352.06
634	205	28.0	100824	41.71	100827	41.8	102854	93	28.22	1.28	0.96	352.02
635	209	28.0	100822	41.46	100827	41.3	102524	93	28.22	1.3	0.89	351.95
636	206	28.0	100827	41.8	100825	41.21	102674	93	28.13	1.29	1.73	352.04
637	205	28.0	100825	41.8	100824	41.8	102844	93	28.27	1.29	0.93	351.96
638	205	28.0	100829	41.63	100826	41.88	102525	93	28.18	1.27	1.39	352.08
639	208	28.0	100827	41.21	100826	41.8	102295	92	28.22	1.28	1.45	352.3
640	205	28.0	100817	41.71	100827	41.55	102502	93	28.27	1.29	2.36	352.24
641	206	28.0	100822	42.05	100823	41.46	102609	93	28.32	1.43	9.49	351.93
642	210	28.0	100823	41.55	100822	41.96	102271	92	28.32	1.29	4.32	352.16
643	207	28.0	100819	41.71	100824	41.46	102288	92	28.18	1.3	2.71	352.44
644	205	28.0	100824	41.96	100829	41.63	102359	93	28.18	1.3	1.12	352.31
645	208	28.0	100822	41.8	100825	42.3	102551	93	28.22	1.28	1.24	352.57
646	206	28.0	100826	41.8	100834	41.38	102310	93	28.22	1.27	2.07	352.68
647	207	28.0	100829	41.46	100821	40.88	102327	93	28.27	1.29	0.67	352.73
648	206	28.0	100836	41.55	100824	41.55	102436	93	28.13	1.3	13.91	353.42
649	205	28.0	100832	41.3	100830	41.38	102909	93	28.36	1.3	8.75	353.66
650	205	28.1	100831	41.46	100826	41.55	102983	93	28.27	1.28	2.4	353.68
651	206	28.0	100827	41.3	100827	41.71	102795	93	28.13	1.22	7.68	353.85
652	207	28.0	100828	41.46	100830	41.13	102436	93	28.32	1.28	5.93	354.09
653	208	28.0	100828	41.96	100825	41.46	103022	93	28.27	1.29	2.24	354.21
654	207	28.0	100828	41.21	100825	41.55	103009	93	28.27	1.29	1.57	354.02
655	206	28.0	100830	41.46	100826	41.38	102701	93	28.22	1.29	1.17	354.15
656	207	28.0	100831	41.55	100828	41.3	102840	93	28.27	1.29	3.68	354.21
657	205	28.0	100829	41.8	100820	41.71	103007	93	28.22	1.29	0.94	354.22
658	205	28.0	100821	41.71	100826	42.05	103117	93	28.22	1.3	1.59	354.15
659	205	28.0	100822	42.13	100825	42.63	102681	93	28.27	1.3	8.49	354.21
660	205	28.0	100818	42.05	100822	41.96	102868	93	28.18	1.29	3.86	354.39
661	205	28.0	100823	41.71	100826	41.96	103186	93	28.22	1.28	3.52	354.59
662	206	28.0	100821	41.3	100821	41.38	103357	93	28.18	1.29	0.42	354.7
663	208	28.0	100821	41.96	100828	41.71	102877	93	28.27	1.27	1.43	354.98
664	211	28.0	100828	41.96	100827	41.8	102951	93	28.32	1.28	1.33	354.99
665	205	28.0	100824	42.55	100818	42.47	103041	93	28.22	1.28	0.71	354.99
666	208	28.0	100819	42.13	100828	41.8	103154	93	28.32	1.29	0.75	355.1
667	206	28.0	100825	41.46	100831	41.3	102792	93	28.27	1.28	0.82	355.09
668	207	28.0	100833	41.05	100831	40.79	102924	93	28.18	1.28	0.08	355.17
669	205	28.0	100831	41.96	100830	41.3	102966	93	28.32	1.29	1.07	355.17
670	205	28.0	100828	41.63	100827	41.96	103090	93	28.36	1.28	1.02	355.22
671	207	28.0	100832	41.3	100830	41.96	103246	93	28.27	1.29	1.36	355.23
672	207	28.0	100825	42.3	100825	41.63	102774	93	28.22	1.29	1.53	355.19
673	205	28.0	100822	41.55	100829	41.38	102840	93	28.22	1.28	1.14	355.16
674	209	28.0	100825	41.71	100827	41.55	102986	93	28.18	1.29	1.13	355.11
675	207	28.0	100817	42.13	100825	41.46	103144	93	28.22	1.25	4.98	355.37
676	206	28.0	100820	41.3	100821	41.55	103136	93	28.22	1.29	2.0	355.34
677	210	28.0	100828	41.46	100833	42.05	103080	93	28.27	1.29	11.05	354.05
678	205	28.0	100830	41.96	100832	41.96	103222	93	28.18	1.31	5.81	353.48
679	204	28.0	100836	41.55	100831	41.55	103480	94	28.22	1.29	1.49	353.78
680	205	28.0	100825	41.88	100831	41.13	103164	93	28.32	1.28	2.36	353.87
681	206	28.0	100830	40.88	100830	41.21	102596	93	28.18	1.28	2.75	354.18
682	212	28.0	100834	41.63	100834	41.63	103072	93	28.32	1.27	1.23	354.14
683	209	28.0	100827	41.3	100827	41.55	103504	94	28.22	1.29	1.62	354.04
684	209	28.0	100822	41.21	100830	41.71	103116	93	28.18	1.27	1.12	354.12
685	213	28.0	100829	41.21	100837	40.71	103354	93	28.27	1.27	2.13	354.02
686	209	28.0	100830	40.88	100830	41.21	103452	94	28.22	1.29	13.19	354.37
687	209	28.0	100825	41.46	100829	41.3	103524	94	28.18	1.29	10.1	354.2
688	211	28.0	100833	41.3	100827	41.8	103422	94	28.22	1.25	11.93	355.24
689	208	28.0	100827	41.63	100828	41.46	103000	93	28.27	1.33	13.65	356.37
690	208	28.0	100832	41.21	100832	40.79	103393	93	28.22	1.27	1.05	356.36
691	209	28.0	100838	41.55	100825	41.55	103529	94	28.27	1.28	1.96	356.11
692	209	28.0	100830	41.8	100832	41.46	103882	94	28.27	1.29	1.49	356.03
693	210	28.0	100831	41.63	100832	41.05	103511	94	28.27	1.28	1.25	356.16
694	209	28.0	100836	41.63	100834	41.21	103492	94	28.13	1.29	1.22	356.23
695	211	28.0	100830	41.46	100823	41.21	103564	94	28.18	1.29	7.53	355.97
696	209	28.0	100830	41.71	100825	41.46	103748	94	28.27	1.44	30.42	352.32
697	208	28.0	100825	41.55	100831	41.8	103297	93	28.13	1.29	9.71	351.42
698	214	28.0	100828	40.71	100836	40.63	103305	93	28.27	1.27	17.33	353.52
699	208	28.0	100838	40.63	100830	41.55	103430	94	28.13	1.29	1.13	353.44
700	208	28.0	100828	40.79	100834	41.3	103731	94	28.27	1.29	1.22	353.27
701	208	28.0	100827	41.63	100827	40.96	103162	93	28.27	1.31	0.62	353.33
702	209	28.0	100833	40.63	100832	40.88	103192	93	28.22	1.29	0.81	353.34
703	208	28.0	100828	41.55	100834	41.05	103312	93	28.27	1.3	10.65	353.17
704	209	28.0	100834	41.05	100830	41.21	103716	94	28.22	1.31	4.09	352.97
705	216	28.0	100826	41.71	100824	41.71	103076	93	28.18	1.31	2.99	352.85
706	209	28.0	100827	41.8	100830	40.88	103237	93	28.18	1.3	1.09	352.91
707	209	28.0	100827	41.46	100832	41.46	103586	94	28.22	1.31	3.23	353.06
708	209	28.0	100825	41.8	100826	41.8	103441	94	28.32	1.3	1.33	353.03
709	210	28.0	100831	41.46	100825	41.55	103116	93	28.36	1.3	0.82	353.07
710	211	28.0	100833	41.55	100829	41.05	103192	93	28.36	1.31	0.78	353.07
711	209	28.0	100835	41.13	100835	40.96	103431	94	28.32	1.31	1.13	353.13
712	209	28.0	100833	40.63	100836	40.13	102956	93	28.32	1.3	0.94	353.23
713	213	28.0	100839	41.05	100833	40.96	102941	93	28.27	1.31	0.54	353.17
714	210	28.0	100825	41.71	100831	41.46	103050	93	28.18	1.31	1.16	353.16
715	210	28.0	100833	41.3	100835	41.38	103199	93	28.22	1.3	1.26	353.22
716	209	28.0	100828	41.63	100833	40.88	103429	94	28.22	1.3	1.11	353.09
717	210	28.0	100831	40.88	100833	41.3	103350	93	28.18	1.3	1.18	353.08
718	209	28.0	100831	40.63	100833	41.21	102847	93	28.22	1.29	0.23	353.09
719	214	28.0	100830	40.88	100829	41.3	103068	93	28.32	1.3	0.48	353.03
720	209	28.0	100831	41.63	100833	41.46	103185	93	28.18	1.28	1.06	353.04
721	209	28.0	100833	41.55	100836	40.96	103266	93	28.32	1.31	0.59	353.14
722	209	28.0	100833	41.46	100831	41.05	103240	93	28.22	1.31	0.81	353.24
723	211	28.0	100828	41.21	100820	42.05	102870	93	28.32	1.3	1.26	353.11
724	210	28.0	100830	41.38	100828	41.21	102869	93	28.32	1.29	0.89	353.21
725	209	28.0	100828	41.3	100830	41.46	103136	93	28.22	1.3	1.02	353.29
726	210	28.0	100824	41.55	100824	41.63	103315	93	28.13	1.3	0.91	353.27
727	216	28.0	100821	41.88	100830	41.21	102969	93	28.27	1.35	7.29	352.98
728	210	28.0	100826	41.55	100829	41.05	103096	93	28.27	1.29	0.94	352.95
729	211	28.0	100834	41.63	100831	41.3	103136	93	28.13	1.29	0.8	352.98
730	211	28.0	100825	41.46	100829	41.3	103413	94	28.22	1.3	1.25	353.11
731	211	28.0	100833	41.21	100828	41.21	103502	94	28.32	1.27	2.59	353.07
732	212	28.0	100825	41.46	100830	41.05	102931	93	28.27	1.29	2.17	352.93
733	214	28.0	100831	40.71	100830	40.63	103248	93	28.32	1.28	0.98	352.9
734	211	28.1	100834	41.13	100828	41.88	103441	94	28.13	1.28	0.75	352.83
735	210	28.0	100826	41.96	100828	41.8	103631	94	28.27	1.27	0.91	352.86
736	210	28.0	100831	41.46	100828	41.71	103707	94	28.27	1.29	1.07	352.9
737	211	28.0	100828	41.55	100830	41.55	103248	93	28.22	1.29	0.58	352.92
738	213	28.0	100825	41.71	100828	41.8	103327	93	28.22	1.28	1.16	352.84
739	210	28.0	100830	41.71	100825	41.88	103547	94	28.18	1.29	1.56	352.74
740	210	28.0	100828	41.71	100822	41.3	103808	94	28.13	1.3	0.54	352.73
741	212	28.0	100823	41.71	100829	41.38	103549	94	28.32	1.3	1.1	352.68
742	210	28.0	100823	42.22	100822	41.88	103276	93	28.27	1.3	1.54	352.62
743	213	28.0	100827	41.46	100829	41.71	103332	93	28.27	1.29	0.86	352.5
744	210	28.0	100828	41.96	100820	41.8	103494	94	28.13	1.3	1.33	352.4
745	210	28.0	100826	41.55	100833	41.3	103586	94	28.22	1.26	4.98	351.91
746	210	28.0	100828	41.96	100821	41.71	102998	93	28.27	1.31	2.72	351.89
747	210	28.0	100832	41.8	100827	41.55	102962	93	28.22	1.31	1.62	351.78
748	210	28.0	100833	41.3	100828	41.3	103104	93	28.18	1.3	1.36	351.77
749	213	28.0	100829	41.13	100831	41.46	103247	93	28.27	1.3	7.59	352.2
750	210	28.0	100828	41.3	100832	41.38	103127	93	28.27	1.3	0.63	352.32
751	209	28.0	100828	41.63	100822	41.38	102962	93	28.22	1.29	0.8	352.35
752	210	28.0	100824	41.55	100830	41.88	103475	94	28.32	1.29	0.87	352.33
753	209	28.0	100827	41.3	100827	41.3	103205	93	28.18	1.3	1.23	352.35
754	210	28.0	100825	42.22	100820	41.96	103264	93	28.22	1.3	1.3	352.35
755	209	28.0	100833	41.13	100827	41.8	103267	93	28.32	1.3	3.27	352.17
756	209	28.0	100830	42.05	100830	41.71	103439	94	28.18	1.3	1.01	352.2
757	209	28.0	100822	41.8	100822	41.38	102948	93	28.32	1.3	1.26	352.33
758	210	28.0	100821	41.13	100829	41.8	103175	93	28.22	1.3	1.07	352.35
759	212	28.0	100825	41.3	100831	41.3	103256	93	28.27	1.29	2.4	352.3
760	211	28.0	100830	41.38	100828	41.63	103348	93	28.18	1.28	1.45	352.37
761	210	28.0	100831	41.46	100826	41.46	102855	93	28.22	1.29	2.16	352.3
762	210	28.0	100827	41.05	100829	41.3	103087	93	28.22	1.3	7.93	352.57
763	212	28.0	100835	41.46	100828	41.46	103160	93	28.27	1.3	1.23	352.59
764	211	28.0	100828	41.55	100829	41.38	103311	93	28.18	1.33	6.0	352.81
765	209	28.0	100829	41.71	100827	41.8	102767	93	28.13	1.27	1.01	352.92
766	209	28.0	100822	41.55	100822	41.55	102927	93	28.13	1.3	2.18	352.87
767	209	28.0	100825	41.46	100822	41.55	103096	93	28.27	1.29	2.17	352.73
768	209	28.0	100825	41.46	100828	41.71	103089	93	28.22	1.3	3.52	352.48
769	211	28.0	100824	41.88	100828	42.05	102823	93	28.27	1.3	5.93	352.41
770	210	28.0	100821	41.96	100830	42.05	102974	93	28.27	1.3	6.83	352.51
771	209	28.0	100830	41.63	100825	41.71	103141	93	28.22	1.29	1.86	352.6
772	208	28.0	100828	41.63	100821	41.71	102688	93	28.27	1.29	1.56	352.55
773	209	28.0	100824	41.63	100824	42.05	102851	93	28.22	1.23	14.31	343.75
774	210	28.0	100819	41.71	100827	42.22	102917	93	28.22	1.3	8.06	342.96
775	209	28.0	100829	41.21	100828	41.46	103028	93	28.27	1.3	11.0	341.47
776	209	28.0	100826	41.21	100828	41.63	102536	93	28.32	1.3	7.8	341.51
777	209	28.0	100824	41.71	100829	41.46	102736	93	28.22	1.29	8.89	341.47
778	209	28.0	100828	41.63	100827	41.88	102908	93	28.08	1.3	4.66	341.53
779	210	28.0	100828	41.46	100821	41.46	102767	93	28.32	1.31	2.2	341.75
780	209	28.0	100829	41.3	100825	41.3	102624	93	28.27	1.31	1.26	341.93
781	213	28.0	100827	41.63	100827	41.71	102718	93	28.22	1.29	1.2	342.08
782	209	28.0	100828	41.55	100827	41.71	102899	93	28.13	1.3	1.39	342.25
783	209	28.0	100833	40.96	100828	41.63	102447	93	28.18	1.29	1.25	342.44
784	211	28.0	100832	41.63	100823	41.8	102750	93	28.27	1.32	3.45	342.82
785	213	28.0	100827	41.71	100832	41.88	102869	93	28.32	1.3	1.38	343.06
786	209	28.0	100833	41.8	100828	41.13	102753	93	28.22	1.3	2.34	343.15
787	212	28.0	100824	41.38	100831	41.46	102637	93	28.22	1.29	1.6	343.51
788	209	28.0	100825	41.3	100831	41.05	102736	93	28.27	1.3	0.73	343.65
789	209	28.0	100828	40.96	100826	41.13	102920	93	28.22	1.28	0.58	343.77
790	209	28.0	100822	42.13	100826	42.05	102384	93	28.27	1.28	2.95	343.92
791	209	28.0	100831	40.96	100831	41.38	102486	93	28.36	1.3	1.55	344.08
792	210	28.0	100827	41.3	100827	41.3	102752	93	28.22	1.3	1.55	344.21
793	210	28.0	100826	41.63	100831	41.55	102575	93	28.32	1.3	2.13	344.16
794	209	28.0	100828	41.05	100830	41.46	102353	93	28.32	1.29	0.83	344.36
795	209	28.0	100832	41.8	100829	41.21	102434	93	28.27	1.3	1.01	344.53
796	208	28.0	100830	41.38	100826	41.46	102609	93	28.22	1.29	1.04	344.61
797	209	28.0	100827	41.71	100822	41.38	102157	92	28.13	1.29	1.51	344.87
798	210	28.0	100820	41.46	100824	42.13	102542	93	28.18	1.31	1.49	344.98
799	209	28.0	100822	41.63	100826	41.55	102435	93	28.18	1.3	5.3	345.01
800	209	28.0	100828	41.96	100815	42.38	102455	93	28.22	1.3	1.22	345.2
801	209	28.0	100824	41.63	100827	41.71	102250	92	28.22	1.3	1.33	345.37
802	212	28.0	100829	42.22	100824	42.13	102551	93	28.36	1.29	5.16	345.79
803	209	28.0	100826	41.8	100830	41.71	102790	93	28.18	1.3	0.6	345.94
804	211	28.0	100826	41.55	100826	41.3	102477	93	28.32	1.3	1.44	346.05
805	209	28.0	100826	42.22	100822	41.13	102405	93	28.18	1.29	1.26	346.2
806	209	28.0	100825	41.38	100824	41.96	102524	93	28.27	1.3	3.18	346.09
807	214	28.0	100821	42.05	100826	41.3	102674	93	28.27	1.29	0.7	346.28
808	213	28.0	100828	40.79	100827	41.55	102413	93	28.32	1.29	0.81	346.33
809	210	28.0	100831	41.21	100829	41.63	102234	92	28.22	1.29	1.33	346.43
810	210	28.0	100831	41.55	100827	41.96	102393	93	28.27	1.28	1.18	346.66
811	212	28.0	100832	41.8	100832	41.13	102593	93	28.27	1.3	1.34	346.74
812	210	28.0	100832	41.55	100824	41.63	102366	93	28.22	1.3	0.89	346.89
813	210	28.0	100829	41.3	100831	41.46	102372	93	28.18	1.29	4.77	347.77
814	211	28.0	100830	41.13	100833	41.21	102454	93	28.22	1.29	2.91	347.98
815	209	28.0	100828	41.55	100824	42.05	102577	93	28.32	1.29	1.13	348.09
816	209	28.0	100826	41.55	100827	41.46	102174	92	28.27	1.3	0.52	348.14
817	209	28.0	100825	41.38	100831	41.05	102340	93	28.22	1.28	1.06	348.3
818	209	28.0	100831	41.38	100826	40.79	102467	93	28.32	1.28	0.95	348.42
819	212	28.0	100832	41.46	100831	41.46	102686	93	28.27	1.29	1.86	348.43
820	209	28.0	100833	41.13	100825	41.3	102214	92	28.27	1.28	2.31	348.47
821	209	28.0	100828	41.13	100825	41.3	102410	93	28.22	1.29	0.67	348.51
822	211	28.0	100823	42.05	100828	41.13	102559	93	28.18	1.3	1.67	348.55
823	209	28.0	100830	41.96	100828	41.71	102705	93	28.27	1.3	0.69	348.66
824	210	28.0	100824	41.46	100827	41.3	102198	92	28.22	1.29	5.53	348.62
825	210	28.0	100829	41.46	100826	41.38	102444	93	28.22	1.3	3.04	348.66
826	209	28.0	100831	41.55	100825	41.3	102623	93	28.27	1.29	2.09	348.61
827	208	28.1	100823	41.46	100827	41.38	102698	93	28.27	1.29	4.32	348.75
828	209	28.0	100828	41.46	100829	41.8	102280	92	28.32	1.31	1.79	348.84
829	208	28.0	100828	41.46	100832	41.21	102284	92	28.22	1.3	3.45	348.74
830	208	28.1	100835	41.55	100833	41.05	102461	93	28.27	1.3	1.13	348.96
831	208	28.0	100831	41.38	100836	41.3	102374	93	28.27	1.31	1.62	349.08
832	208	28.1	100833	40.88	100828	41.3	102292	92	28.22	1.3	3.42	348.97
833	209	28.0	100825	41.05	100828	41.55	102208	92	28.27	1.3	0.77	349.19
834	208	28.0	100828	41.46	100824	41.38	102502	93	28.22	1.3	1.25	349.39
835	208	28.0	100829	41.63	100830	41.3	102192	92	28.22	1.3	2.0	349.34
836	211	28.0	100831	41.63	100829	41.8	102292	92	28.32	1.29	3.16	349.32
837	207	28.1	100826	41.71	100836	41.63	102328	93	28.27	1.3	3.82	349.28
838	209	28.1	100834	41.3	100828	41.63	102502	93	28.22	1.3	6.0	349.18
839	208	28.0	100826	41.63	100827	41.88	102015	92	28.22	1.28	1.34	349.27
840	208	28.0	100827	41.3	100829	41.38	102058	92	28.27	1.29	3.01	349.3
841	208	28.0	100829	41.46	100832	40.96	102198	92	28.18	1.3	1.27	349.28
842	208	28.1	100830	41.55	100829	41.71	101581	92	28.13	1.33	4.62	349.43
843	208	28.0	100827	41.13	100824	41.38	101916	92	28.22	1.29	4.42	348.92
844	208	28.0	100830	41.3	100826	41.3	102166	92	28.27	1.3	1.16	348.88
845	210	28.1	100823	41.96	100828	41.63	102380	93	28.22	1.29	1.01	348.97
846	210	28.0	100825	41.55	100829	41.3	102003	92	28.41	1.29	0.9	349.18
847	211	28.1	100835	41.38	100828	41.46	102174	92	28.18	1.29	0.21	349.28
848	208	28.1	100827	41.21	100836	41.3	102305	93	28.18	1.3	0.83	349.34
849	208	28.0	100830	41.46	100827	41.13	102206	92	28.22	1.29	1.46	349.4
850	216	28.0	100832	41.21	100829	41.96	102114	92	28.22	1.3	1.14	349.46
851	208	28.0	100825	41.3	100828	41.63	102192	92	28.18	1.3	1.63	349.5
852	207	28.0	100827	41.63	100822	41.55	102379	93	28.27	1.31	0.38	349.62
853	208	28.0	100830	41.46	100826	41.38	101888	92	28.22	1.28	1.64	349.82
854	208	28.0	100824	41.63	100831	41.71	102046	92	28.32	1.26	14.8	350.2
855	207	28.0	100822	42.22	100828	41.46	102059	92	28.22	1.3	3.1	350.19
856	208	28.0	100827	41.46	100828	41.38	102103	92	28.32	1.31	2.55	350.33
857	209	28.0	100830	41.05	100834	40.63	101803	92	28.18	1.3	5.85	350.18
858	212	28.0	100832	41.13	100830	40.96	101775	92	28.27	1.23	9.87	351.77
859	207	28.1	100822	41.63	100824	41.8	101936	92	28.32	1.3	0.74	351.98
860	207	28.0	100829	41.88	100827	41.71	101542	92	28.22	1.31	4.0	351.88
861	208	28.0	100833	41.46	100838	41.05	101550	92	28.27	1.31	2.84	352.02
862	208	28.1	100830	40.96	100833	40.88	101616	92	28.22	1.3	1.62	352.01
863	208	28.0	100833	41.46	100827	40.88	102048	92	28.22	1.32	7.17	353.23
864	208	28.1	100828	41.21	100826	41.88	101983	92	28.27	1.31	2.47	353.45
865	211	28.0	100833	41.55	100826	40.96	102367	93	28.22	1.29	5.36	354.42
866	207	28.1	100827	41.38	100833	41.21	102428	93	28.22	1.3	7.68	353.87
867	210	28.1	100827	41.38	100827	41.63	102577	93	28.36	1.34	19.87	352.16
868	211	28.0	100827	41.46	100825	41.88	102027	92	28.22	1.32	9.36	352.02
869	211	28.0	100825	41.46	100821	41.21	102149	92	28.22	1.31	0.77	352.03
870	207	28.0	100828	41.71	100821	41.71	102180	92	28.27	1.31	1.62	352.03
871	212	28.0	100825	41.71	100822	41.71	102337	93	28.22	1.31	4.45	352.03
872	213	28.0	100824	41.63	100829	41.3	101845	92	28.22	1.24	10.38	343.39
873	207	28.0	100826	41.55	100830	41.38	102289	92	28.32	1.31	1.42	343.65
874	207	28.0	100825	41.8	100824	41.63	102396	93	28.22	1.31	0.94	343.73
875	207	28.0	100824	41.96	100819	41.71	102563	93	28.18	1.31	0.72	343.98
876	207	28.0	100825	41.3	100829	41.21	102117	92	28.32	1.32	5.04	344.12
877	207	28.0	100823	41.55	100829	41.05	102186	92	28.27	1.37	7.77	343.72
878	207	28.1	100828	41.46	100829	41.88	102332	93	28.22	1.29	2.04	343.85
879	210	28.1	100829	41.55	100834	41.13	102785	93	28.27	1.29	3.9	343.47
880	207	28.0	100832	41.38	100829	41.38	102347	93	28.27	1.3	0.61	343.74
881	210	28.0	100843	40.63	100831	41.38	102186	92	28.32	1.3	0.77	343.82
882	207	28.1	100828	41.05	100832	41.8	102693	93	28.22	1.3	0.5	343.96
883	209	28.0	100821	42.05	100822	40.96	102779	93	28.22	1.3	1.29	344.16
884	207	28.1	100827	41.05	100827	41.55	102295	92	28.32	1.28	0.94	344.41
885	207	28.1	100833	41.13	100824	41.3	102417	93	28.22	1.3	1.19	344.53
886	207	28.1	100834	41.38	100830	41.63	102530	93	28.22	1.29	1.26	344.61
887	207	28.1	100826	40.79	100831	41.3	102672	93	28.27	1.29	1.33	344.68
888	211	28.0	100835	40.88	100832	40.88	102516	93	28.22	1.3	1.01	344.79
889	207	28.1	100836	40.63	100831	41.05	102589	93	28.32	1.3	0.84	345.02
890	208	28.1	100828	41.46	100831	41.13	102965	93	28.27	1.31	1.13	345.2
891	207	28.0	100830	41.05	100828	41.71	102736	93	28.41	1.3	0.42	345.44
892	207	28.0	100824	41.8	100827	41.46	103213	93	28.22	1.52	18.14	346.7
893	211	28.0	100827	41.46	100827	41.63	103390	93	28.27	1.29	2.37	346.65
894	211	28.1	100827	41.96	100825	41.88	104133	94	28.32	1.3	3.81	346.64
895	207	28.0	100827	41.13	100834	41.21	103673	94	28.22	1.28	6.04	346.99
896	207	28.1	100828	42.13	100826	41.13	104106	94	28.36	1.3	2.31	347.0
897	207	28.1	100829	41.21	100829	41.38	104309	94	28.22	1.41	8.75	346.07
898	207	28.1	100834	40.96	100827	41.46	104242	94	28.27	1.3	2.64	346.41
899	206	28.1	100830	41.38	100828	41.55	103739	94	28.32	1.29	3.01	346.42
900	207	28.0	100828	41.3	100830	41.05	104077	94	28.41	1.3	1.15	346.63
901	209	28.0	100832	41.46	100828	41.55	103869	94	28.27	1.31	3.85	346.88
902	207	28.0	100823	41.13	100829	40.96	103685	94	28.27	1.29	1.57	346.9
903	210	28.1	100829	41.55	100830	41.46	103525	94	28.32	1.3	6.07	347.14
904	207	28.1	100827	41.71	100827	41.3	103479	94	28.22	1.31	0.63	347.36
905	210	28.1	100827	41.21	100826	41.46	103602	94	28.27	1.3	2.26	347.45
906	207	28.1	100827	41.3	100826	41.63	103122	93	28.22	1.04	30.22	340.11
907	207	28.1	100830	40.79	100828	41.38	103316	93	28.27	1.48	17.39	343.07
908	207	28.0	100823	42.22	100826	41.71	103126	93	28.32	1.29	1.55	343.24
909	207	28.1	100825	41.38	100827	41.38	103334	93	28.22	1.3	0.85	343.47
910	207	28.0	100825	41.71	100825	41.71	102715	93	28.27	1.3	0.62	343.66
911	208	28.1	100822	42.05	100823	41.71	103316	93	28.32	1.29	2.75	343.58
912	208	28.1	100832	41.38	100823	41.8	103043	93	28.32	1.29	1.29	343.75
913	206	28.0	100823	41.71	100832	41.21	103171	93	28.27	1.3	2.5	343.99
914	207	28.1	100833	41.13	100831	41.55	102787	93	28.32	1.3	1.73	344.12
915	208	28.1	100823	41.71	100829	40.88	102924	93	28.22	1.28	3.6	343.86
916	207	28.1	100832	41.38	100829	41.05	103092	93	28.18	1.28	7.86	342.86
917	207	28.1	100831	41.55	100821	41.63	102932	93	28.32	1.3	1.71	343.13
918	206	28.0	100828	41.8	100818	41.71	102953	93	28.22	1.3	1.12	343.33
919	206	28.0	100825	41.96	100827	41.71	102904	93	28.27	1.31	0.63	343.49
920	208	28.1	100824	41.8	100824	41.38	103014	93	28.22	1.31	2.77	343.43
921	206	28.0	100821	41.46	100824	41.55	102431	93	28.27	1.29	0.26	343.69
922	209	28.1	100828	41.63	100825	41.38	102722	93	28.18	1.29	1.52	343.98
923	210	28.1	100827	41.55	100827	41.05	102775	93	28.22	1.3	1.68	344.21
924	206	28.1	100827	41.21	100823	41.46	103006	93	28.41	1.28	3.01	344.48
925	207	28.1	100827	41.13	100828	41.8	102431	93	28.27	1.3	1.12	344.52
926	209	28.1	100830	41.8	100822	41.38	102735	93	28.36	1.3	1.06	344.66
927	206	28.1	100826	41.71	100825	40.88	102827	93	28.22	1.29	1.48	344.65
928	206	28.1	100828	41.05	100833	41.3	102953	93	28.13	1.3	0.98	344.92
929	206	28.1	100835	41.55	100825	41.3	102577	93	28.27	1.3	0.81	345.22
930	207	28.1	100828	41.88	100823	41.96	102684	93	28.27	1.29	0.85	345.38
931	206	28.1	100832	41.8	100828	41.05	102900	93	28.22	1.3	2.62	345.46
932	207	28.1	100829	41.21	100829	41.63	102870	93	28.22	1.3	0.47	345.64
933	208	28.1	100825	41.71	100826	42.13	102472	93	28.32	1.39	29.98	345.5
934	207	28.1	100830	41.05	100833	41.05	102610	93	28.22	1.28	4.48	345.65
935	206	28.1	100828	41.3	100823	40.96	102839	93	28.27	1.29	0.99	345.76
936	206	28.1	100833	40.21	100839	41.21	102882	93	28.27	1.3	0.77	345.85
937	206	28.1	100837	41.05	100833	40.71	102480	93	28.22	1.29	2.04	345.93
938	206	28.1	100833	41.55	100828	41.38	102568	93	28.22	1.31	1.73	346.04
939	206	28.1	100829	42.05	100831	41.05	102802	93	28.36	1.3	2.59	346.33
940	206	28.1	100829	41.46	100826	41.96	102908	93	28.13	1.3	2.56	346.1
941	206	28.1	100826	41.46	100838	40.79	102556	93	28.22	1.28	0.37	346.24
942	206	28.1	100831	40.96	100826	40.96	102592	93	28.18	1.3	0.85	346.29
943	209	28.1	100829	41.63	100827	41.21	102858	93	28.22	1.31	0.69	346.44
944	207	28.1	100831	41.46	100832	41.8	102736	93	28.22	1.29	1.1	346.49
945	210	28.1	100830	41.05	100827	41.13	102620	93	28.22	1.29	1.23	346.5
946	206	28.1	100829	41.46	100829	41.38	102644	93	28.22	1.3	1.3	346.55
947	206	28.1	100828	41.63	100828	41.46	102858	93	28.32	1.3	1.97	346.5
948	206	28.1	100835	41.8	100831	41.3	102456	93	28.36	1.3	1.22	346.44
949	208	28.1	100824	40.71	100830	41.71	102707	93	28.13	1.3	4.42	346.45
950	206	28.1	100823	41.13	100822	41.21	102612	93	28.22	1.33	9.32	345.07
951	206	28.1	100830	41.3	100833	41.3	102803	93	28.18	1.3	1.28	345.27
952	206	28.1	100837	41.21	100830	41.46	102261	92	28.36	1.27	13.03	346.02
953	206	28.1	100830	41.63	100823	41.8	102492	93	28.22	1.28	3.78	345.94
954	207	28.1	100834	41.38	100829	41.55	102460	93	28.27	1.31	4.37	345.77
955	209	28.1	100828	41.46	100830	41.38	102803	93	28.32	1.32	2.26	346.02
956	207	28.1	100823	41.96	100833	41.13	102047	92	28.32	1.3	2.09	345.92
957	206	28.1	100829	41.38	100829	41.13	102298	92	28.27	1.29	0.28	346.11
958	206	28.1	100829	41.55	100833	40.96	102293	92	28.32	1.3	1.06	346.22
959	212	28.1	100837	41.13	100823	42.47	102361	93	28.32	1.3	1.25	346.41
960	206	28.1	100826	41.96	100828	41.63	102020	92	28.18	1.29	0.7	346.44
961	207	28.1	100826	41.63	100831	41.46	102148	92	28.22	1.29	1.16	346.55
962	206	28.1	100823	41.38	100829	41.3	102364	93	28.22	1.29	0.52	346.69
963	205	28.1	100833	41.13	100827	41.13	102065	92	28.27	1.3	0.7	346.76
964	206	28.1	100826	41.63	100827	41.13	102116	92	28.22	1.29	1.42	346.83
965	206	28.1	100826	41.55	100821	41.63	102091	92	28.27	1.3	0.52	346.98
966	206	28.1	100835	41.38	100829	41.88	102265	92	28.32	1.3	1.23	347.29
967	210	28.1	100833	40.96	100835	40.88	101793	92	28.22	1.3	2.17	347.36
968	209	28.1	100832	41.05	100829	41.38	102129	92	28.36	1.29	1.42	347.45
969	206	28.1	100827	41.38	100829	41.38	102091	92	28.18	1.31	3.73	348.07
970	209	28.1	100832	41.38	100830	41.71	102506	93	28.22	1.31	0.9	348.12
971	206	28.1	100834	41.05	100838	40.88	102160	92	28.32	1.3	4.33	347.81
972	206	28.1	100831	41.13	100827	41.21	102315	93	28.27	1.28	3.32	348.08
973	205	28.1	100831	41.38	100826	41.55	102586	93	28.22	1.31	1.74	348.25
974	205	28.1	100831	41.05	100827	41.38	102586	93	28.22	1.29	1.68	348.3
975	207	28.1	100826	41.8	100833	41.38	102439	93	28.27	1.28	0.9	348.47
976	207	28.1	100832	40.96	100835	40.96	102431	93	28.32	1.3	0.98	348.52
977	206	28.1	100833	41.05	100833	41.38	102586	93	28.32	1.29	0.13	348.59
978	206	28.1	100832	40.63	100832	41.13	102209	92	28.27	1.3	0.84	348.6
979	206	28.1	100831	41.13	100831	41.38	102554	93	28.27	1.31	1.14	348.64
980	207	28.1	100830	41.46	100830	41.38	102569	93	28.32	1.29	1.95	348.6
981	211	28.1	100828	40.88	100828	41.13	102687	93	28.27	1.29	0.43	348.7
982	205	28.1	100828	41.3	100828	41.38	102247	92	28.18	1.31	1.06	348.75
983	206	28.1	100824	41.13	100829	41.38	102359	93	28.32	1.32	0.91	348.82
984	206	28.1	100832	41.55	100830	41.38	102459	93	28.36	1.3	2.42	348.78
985	207	28.1	100828	41.88	100824	41.3	102068	92	28.27	1.33	0.69	348.87
986	207	28.1	100830	41.13	100831	41.05	102197	92	28.22	1.31	4.13	349.12
987	207	28.1	100829	40.88	100824	41.46	102279	92	28.36	1.3	1.26	349.05
988	209	28.1	100832	41.63	100833	41.05	102540	93	28.22	1.31	0.6	349.14
989	209	28.1	100836	41.63	100832	41.3	102058	92	28.22	1.3	0.91	349.3
990	209	28.1	100832	41.13	100830	41.88	102173	92	28.18	1.29	1.4	349.22
991	206	28.1	100834	41.55	100831	40.79	102279	92	28.27	1.32	2.87	349.17
992	205	28.1	100833	41.13	100835	41.21	102108	92	28.32	1.31	2.68	349.21
993	209	28.1	100831	41.46	100827	41.3	101961	92	28.27	1.29	0.61	349.28
994	205	28.1	100826	41.13	100833	41.05	101961	92	28.22	1.35	1.52	349.43
995	205	28.1	100829	41.13	100832	41.05	102103	92	28.22	1.3	1.27	349.48
996	206	28.1	100835	41.71	100831	41.55	101720	92	28.18	1.31	0.8	349.52
997	206	28.1	100832	41.46	100835	41.88	101975	92	28.18	1.3	1.16	349.6
998	205	28.1	100833	41.3	100828	41.55	101919	92	28.22	1.3	1.71	349.65
999	205	28.1	100830	41.55	100828	41.38	102103	92	28.27	1.31	5.27	349.55
1000	208	28.1	100836	41.38	100833	41.46	101689	92	28.18	1.31	1.29	349.59
