1	217	29.8	101176	14.11	101169	13.79	88050	80	30.82	1.74	9.2	1033.23
2	218	30.0	101181	13.04	101169	13.5	88189	80	30.96	1.79	4.6	614.13
3	216	29.9	101170	14.06	101165	13.97	88636	80	30.84	1.93	5.34	991.1
4	217	29.9	101173	14.11	101170	13.76	88314	80	30.82	1.88	14.66	942.04
5	214	29.8	101164	13.24	101176	13.39	88600	80	31.02	1.83	7.5	593.07
6	217	30.1	101174	13.19	101170	14.08	88116	80	30.92	1.85	15.65	641.91
7	216	30.1	101173	13.51	101174	13.39	88167	80	30.95	1.87	18.6	406.68
8	217	30.0	101175	13.0	101174	13.11	88434	80	30.86	1.84	17.24	662.94
9	214	30.0	101176	14.13	101173	14.0	88701	80	30.77	1.97	20.52	782.2
10	216	29.9	101167	13.92	101176	13.27	88633	80	30.85	1.89	23.51	961.87
11	219	30.1	101174	13.38	101169	14.05	88379	80	31.02	1.84	4.86	942.46
12	215	30.1	101175	13.62	101175	13.17	88418	80	30.88	1.83	7.82	750.46
13	216	29.9	101175	13.2	101175	13.55	88264	80	30.89	1.94	16.95	555.55
14	215	30.0	101167	13.09	101176	14.04	88089	80	30.9	1.85	13.77	674.42
15	214	30.0	101178	12.94	101177	12.59	88399	80	30.93	1.72	7.05	608.4
16	216	30.0	101185	13.37	101175	13.48	88508	80	30.95	1.96	17.01	663.96
17	215	30.0	101167	14.09	101174	12.89	88485	80	30.94	1.75	4.48	661.57
18	214	29.9	101177	13.36	101175	14.14	87936	79	30.86	1.78	7.68	646.59
19	214	30.0	101172	13.53	101179	13.26	88350	80	30.87	1.98	13.76	1031.06
20	216	30.0	101177	14.16	101172	13.47	88112	80	30.86	1.81	9.88	615.77
21	216	29.9	101176	13.86	101178	13.49	88291	80	30.86	1.86	12.01	945.68
22	214	30.0	101176	13.54	101171	13.68	88339	80	30.9	1.72	8.65	884.56
23	220	30.0	101174	13.97	101171	13.42	88009	80	30.83	1.81	7.99	359.48
24	217	30.0	101181	13.37	101181	13.21	88081	80	31.04	1.78	12.83	742.54
25	214	30.0	101174	13.98	101167	13.51	87900	79	30.77	1.77	19.0	737.37
26	216	30.0	101167	13.51	101170	14.16	87935	79	31.0	1.82	3.81	854.22
27	219	30.0	101179	13.45	101176	13.32	88018	80	30.9	1.98	8.79	404.45
28	214	30.1	101174	13.52	101167	13.38	87847	79	30.8	1.76	6.28	1039.97
29	213	30.0	101179	13.01	101175	13.53	87892	79	30.93	1.9	13.65	539.81
30	214	30.0	101174	14.09	101178	13.12	88096	80	30.95	1.83	22.33	1004.55
31	214	29.9	101175	13.1	101178	13.0	88150	80	30.99	1.73	1.51	699.4
32	214	30.1	101177	13.35	101178	13.36	87845	79	30.85	1.91	19.96	642.57
33	214	30.0	101172	13.34	101174	13.72	87966	79	30.92	1.84	4.67	851.52
34	216	30.0	101175	13.35	101177	13.79	87946	79	30.82	1.79	12.06	506.47
35	213	29.9	101175	13.89	101171	13.84	88347	80	30.89	1.77	12.1	537.42
36	218	30.0	101169	14.05	101167	13.45	87732	79	31.04	1.97	13.93	789.3
37	214	30.0	101169	13.11	101182	13.37	87787	79	30.87	1.96	0.79	900.26
38	215	30.0	101179	13.12	101174	13.49	88211	80	30.82	1.89	8.12	713.36
39	217	29.9	101172	13.93	101166	12.91	88341	80	31.0	1.9	2.47	533.34
40	214	30.0	101175	13.55	101173	13.47	88135	80	30.82	1.78	14.92	686.05
41	216	30.0	101166	13.51	101177	13.07	88181	80	30.93	1.94	19.74	940.35
42	214	30.0	101175	13.89	101170	13.82	88398	80	30.8	1.85	17.12	992.54
43	216	29.9	101175	13.35	101169	12.89	87905	79	30.91	1.79	7.78	421.54
44	215	29.9	101180	13.26	101175	13.76	88203	80	30.96	1.91	11.07	520.54
45	216	29.9	101174	13.31	101174	13.2	88034	80	30.87	1.87	10.24	543.63
46	214	30.0	101177	12.93	101181	13.19	88120	80	30.77	1.86	9.09	593.5
47	216	30.0	101179	12.45	101177	14.04	87860	79	30.87	1.73	8.64	939.52
48	219	30.1	101179	12.83	101180	13.16	88605	80	30.85	1.72	5.52	488.5
49	216	30.0	101181	12.87	101178	13.47	87973	79	31.05	1.9	10.0	790.54
50	218	30.0	101187	13.39	101178	13.07	88132	80	30.89	1.9	16.24	674.23
51	214	30.1	101174	13.53	101173	13.43	88383	80	31.0	1.91	18.36	889.37
52	217	30.0	101174	13.34	101183	12.86	88068	80	30.91	1.82	2.75	419.36
53	214	30.2	101177	13.92	101179	13.06	88405	80	30.91	1.73	13.06	1014.4
54	216	30.0	101176	13.38	101176	13.78	88597	80	30.97	1.76	3.48	615.6
55	214	30.0	101170	13.41	101174	14.08	88526	80	30.98	1.81	7.4	860.55
56	214	30.1	101177	13.26	101174	13.39	88156	80	30.99	1.75	18.72	467.6
57	217	30.0	101169	13.15	101169	13.85	88200	80	30.91	1.87	8.44	833.58
58	216	30.1	101175	13.15	101177	13.41	88468	80	30.77	1.82	16.3	391.68
59	217	30.1	101177	12.81	101176	13.34	88355	80	30.91	1.78	8.32	704.91
60	214	30.1	101172	13.58	101173	13.63	87748	79	30.91	1.78	15.91	960.92
61	219	30.1	101178	13.37	101168	13.31	87947	79	30.94	1.83	19.07	526.02
62	214	30.1	101173	13.42	101175	13.56	88179	80	31.1	1.86	15.5	425.14
63	216	30.2	101174	13.19	101178	13.05	88039	80	31.09	1.95	12.64	713.02
64	214	30.1	101176	12.96	101165	12.99	87825	79	30.85	1.81	21.51	389.63
65	218	30.1	101167	13.15	101171	13.4	87715	79	30.96	1.96	14.0	479.73
66	216	30.0	101175	13.14	101182	13.01	87986	79	30.92	1.92	19.98	613.8
67	213	30.1	101175	12.89	101179	13.4	88092	80	30.91	1.9	14.42	393.87
68	215	30.1	101174	13.64	101171	13.68	88285	80	30.98	1.79	6.86	619.68
69	216	30.1	101171	13.54	101167	13.73	87905	79	30.9	1.72	9.67	454.85
70	215	30.2	101173	14.17	101165	13.29	87966	79	31.05	1.92	6.51	526.94
71	215	30.0	101174	14.04	101176	13.26	88254	80	30.92	1.96	20.2	364.71
72	214	30.2	101170	13.97	101168	13.21	88125	80	30.87	1.96	21.89	928.4
73	216	30.1	101173	14.21	101169	14.04	87907	79	30.96	1.77	14.17	972.36
74	216	30.1	101175	13.19	101180	13.24	88040	80	31.03	1.8	16.12	615.41
75	215	30.1	101166	14.0	101181	12.97	88081	80	30.89	1.76	9.06	485.48
76	214	30.2	101168	13.48	101174	13.51	87730	79	31.04	1.73	14.55	821.46
77	222	30.1	101169	14.07	101174	13.11	88004	80	30.77	1.78	0.86	1036.41
78	220	30.0	101178	13.14	101178	13.39	87855	79	31.01	1.8	6.17	1040.33
79	214	30.1	101174	13.09	101165	13.46	87400	79	30.89	1.88	5.39	1024.5
80	217	30.1	101168	13.5	101177	13.37	87885	79	30.91	1.86	8.46	443.47
81	218	30.1	101173	13.12	101168	13.31	87740	79	31.02	1.74	19.7	434.8
82	214	30.1	101180	13.04	101177	13.43	87170	79	30.98	1.81	20.89	886.18
83	216	30.1	101174	13.03	101170	14.03	85922	78	30.99	1.93	7.84	919.01
84	216	30.1	101181	13.1	101170	13.8	89986	81	30.96	1.83	7.46	558.91
85	214	30.1	101176	13.35	101172	13.55	91086	82	30.98	1.78	4.62	1011.07
86	214	30.0	101176	13.05	101176	13.3	92424	84	31.0	1.96	43.23	370.92
87	219	30.1	101176	12.84	101177	12.7	92560	84	31.05	1.87	19.67	729.54
88	210	30.1	101182	13.19	101180	13.17	91630	83	30.93	1.97	18.84	653.24
89	212	30.1	101178	13.24	101174	13.5	91559	83	30.86	1.77	9.09	672.32
90	209	30.1	101175	13.42	101172	13.57	91069	82	30.77	1.75	15.08	456.85
91	212	30.1	101168	14.04	101169	13.5	90217	82	31.03	1.85	17.84	529.63
92	208	30.1	101173	14.04	101171	13.3	90446	82	30.9	1.73	15.56	768.39
93	209	30.1	101176	13.61	101174	14.32	90104	81	31.0	1.97	5.17	999.58
94	208	30.1	101174	13.52	101180	13.82	90179	81	30.95	1.77	20.42	427.8
95	209	30.1	101176	13.38	101169	13.32	88766	80	30.95	1.72	13.75	935.9
96	209	30.1	101168	14.07	101169	13.86	82980	75	30.98	1.91	18.42	391.89
97	209	30.1	101170	14.04	101167	13.99	93563	85	31.15	1.87	17.75	677.47
98	212	30.1	101164	14.19	101164	14.54	93238	84	30.98	1.9	13.67	782.48
99	210	30.1	101168	13.78	101170	13.06	88742	80	30.92	1.75	18.99	950.54
100	212	30.1	101179	12.87	101175	12.8	91765	83	31.0	1.76	8.73	1008.75
101	212	30.1	101176	13.31	101168	13.67	90657	82	31.01	1.82	4.22	781.59
102	214	30.1	101173	13.92	101169	14.24	90461	82	31.0	1.76	13.08	561.35
103	216	30.1	101179	13.36	101177	13.23	90133	81	30.91	1.76	5.92	893.06
104	212	30.2	101175	13.27	101176	13.95	90073	81	31.04	1.95	3.47	593.0
105	211	30.1	101177	13.32	101175	14.03	90302	82	31.2	1.86	13.37	704.7
106	211	30.1	101172	13.69	101174	13.3	90010	81	30.93	1.87	18.25	954.21
107	213	30.1	101165	14.52	101161	14.1	90088	81	31.05	1.96	12.58	401.98
108	213	30.1	101173	13.65	101173	14.11	90434	82	31.11	1.81	14.64	607.06
109	213	30.2	101173	13.44	101175	14.17	90313	82	31.06	1.8	4.15	444.73
110	212	30.2	101174	14.12	101166	13.64	90355	82	31.06	1.78	9.98	420.93
111	217	30.1	101166	13.84	101170	13.19	90141	81	30.97	1.75	12.91	542.84
112	214	30.1	101174	13.3	101166	13.8	90366	82	30.96	1.96	9.53	654.88
113	215	30.1	101173	13.42	101176	13.46	90426	82	30.96	1.83	3.11	909.77
114	214	30.1	101167	13.76	101166	14.09	90122	81	30.97	1.9	22.24	473.51
115	215	30.1	101160	14.4	101174	13.58	89670	81	30.89	1.8	29.14	566.97
116	216	30.1	101175	13.52	101168	14.42	89981	81	31.04	1.74	13.36	700.17
117	213	30.1	101163	13.41	101173	13.53	89542	81	30.89	1.78	8.57	796.12
118	214	30.2	101176	13.26	101182	13.1	89984	81	30.92	1.74	21.08	590.87
119	217	30.1	101180	12.96	101176	13.24	90785	82	30.84	1.93	12.95	686.87
120	215	30.1	101178	13.49	101170	12.99	92991	84	30.86	1.81	18.31	870.5
121	216	30.1	101178	13.56	101174	13.52	92362	83	31.01	1.77	15.19	515.26
122	212	30.1	101179	13.38	101175	13.23	90976	82	30.88	2.02	31.99	491.39
123	214	30.1	101169	14.15	101174	12.69	91722	83	31.08	1.82	12.45	840.51
124	215	30.1	101167	14.5	101166	13.55	92027	83	30.92	1.83	58.36	394.57
125	219	30.1	101170	13.94	101170	13.42	92576	84	31.01	1.94	8.7	706.79
126	215	30.1	101175	13.99	101168	13.42	92396	83	30.86	1.81	3.53	990.9
127	213	30.1	101167	13.57	101165	13.39	92410	84	30.94	1.75	4.38	437.75
128	213	30.1	101173	14.55	101172	14.54	92691	84	30.98	1.85	15.3	462.66
129	213	30.2	101165	13.58	101165	13.76	92452	84	30.92	1.83	3.98	675.67
130	214	30.1	101182	13.49	101166	14.03	92281	83	30.98	1.97	12.7	692.81
131	214	30.2	101175	13.3	101171	12.8	92129	83	30.96	1.82	11.27	633.79
132	215	30.1	101181	13.39	101168	13.92	92604	84	31.13	1.86	11.76	612.7
133	216	30.1	101165	14.51	101165	13.98	92272	83	31.18	1.95	7.49	533.67
134	212	30.1	101174	13.42	101176	13.58	92167	83	30.98	1.98	8.9	669.56
135	213	30.3	101180	13.8	101174	13.52	92303	83	30.91	1.75	10.78	1010.48
136	213	30.1	101176	13.95	101167	14.1	92289	83	31.05	1.85	4.47	1000.37
137	213	30.1	101163	13.56	101167	13.98	92174	83	31.04	1.9	16.23	525.43
138	215	30.2	101172	13.53	101172	14.54	92341	83	30.98	1.79	4.37	683.24
139	215	30.2	101172	14.03	101167	14.04	92319	83	31.03	1.89	6.35	662.23
140	214	30.0	101163	14.14	101169	14.29	92156	83	31.05	1.84	12.13	980.28
141	213	30.2	101174	13.81	101168	13.55	92309	83	31.11	1.95	4.21	646.18
142	213	30.2	101172	13.28	101173	13.94	92089	83	31.12	1.78	7.35	757.0
143	214	30.1	101175	13.36	101170	13.78	92417	84	31.02	1.94	12.55	527.02
144	214	30.2	101177	13.42	101178	13.51	92381	83	30.91	2.0	15.69	404.93
145	214	30.2	101175	12.89	101166	14.02	92290	83	31.04	1.92	9.23	626.08
146	213	30.2	101174	13.49	101165	13.42	92290	83	31.15	1.81	6.55	683.06
147	219	30.2	101172	13.32	101166	14.17	92036	83	31.01	1.81	17.21	617.09
148	216	30.2	101168	13.96	101177	14.05	92553	84	31.04	1.95	1.29	601.98
149	215	30.3	101172	13.29	101172	14.19	92130	83	31.01	1.9	11.51	807.92
150	213	30.1	101170	13.48	101175	13.11	92476	84	31.06	1.91	3.65	670.83
151	214	30.2	101169	14.02	101164	13.17	92278	83	31.0	1.78	8.81	799.69
152	214	30.2	101181	13.2	101178	13.7	92244	83	31.01	1.77	6.5	711.84
153	213	30.2	101165	13.26	101181	13.44	92488	84	31.05	1.84	16.5	509.69
154	213	30.1	101174	13.53	101182	13.36	92253	83	30.99	1.91	16.93	720.5
155	216	30.2	101172	13.52	101174	13.01	92158	83	30.96	1.73	12.98	564.51
156	212	30.2	101168	13.08	101177	13.1	92256	83	30.94	1.92	5.73	789.44
157	218	30.2	101176	13.69	101171	13.7	92026	83	31.05	1.87	9.06	678.53
158	215	30.3	101172	13.37	101173	13.26	92492	84	31.08	1.88	5.66	484.47
159	214	30.2	101179	12.97	101179	13.18	92153	83	30.96	1.85	1.74	422.47
160	212	30.2	101176	13.55	101172	13.66	92551	84	31.18	1.73	14.06	733.57
161	212	30.2	101173	13.48	101166	14.44	92279	83	31.09	1.91	7.0	858.51
162	212	30.2	101168	13.39	101165	13.44	92557	84	31.03	1.89	13.45	959.52
163	214	30.2	101166	13.98	101167	14.01	92293	83	31.04	1.95	5.74	761.5
164	212	30.2	101166	14.35	101167	14.22	92261	83	31.13	1.98	20.3	384.38
165	212	30.2	101175	13.95	101169	13.99	92558	84	31.18	1.88	10.68	511.34
166	213	30.2	101174	13.25	101177	13.23	92388	83	31.02	1.91	18.81	961.21
167	216	30.3	101166	13.39	101173	13.48	92447	84	30.98	1.85	19.46	641.17
168	214	30.2	101173	13.46	101173	13.47	92016	83	31.07	1.86	13.71	659.26
169	214	30.2	101175	13.05	101177	13.01	91930	83	31.02	1.94	4.81	744.06
170	217	30.2	101172	14.02	101177	13.43	92491	84	31.06	1.89	10.76	1030.07
171	212	30.1	101179	13.26	101176	12.87	92243	83	30.91	1.85	17.45	493.07
172	212	30.3	101173	13.42	101177	14.03	91894	83	31.03	1.81	4.38	800.0
173	214	30.1	101171	13.58	101177	13.3	92268	83	30.96	1.89	2.12	858.21
174	212	30.2	101179	13.44	101181	13.17	92520	84	30.96	1.96	8.84	626.2
175	212	30.2	101180	13.49	101175	13.86	91927	83	30.91	1.8	15.13	780.19
176	211	30.3	101175	13.63	101170	13.93	92087	83	30.96	1.97	19.74	401.09
177	212	30.2	101174	13.54	101179	13.58	92600	84	31.04	1.92	3.49	430.19
178	217	30.1	101163	14.21	101167	14.79	92426	84	30.96	1.75	19.26	950.25
179	211	30.1	101166	13.65	101165	13.68	92220	83	31.2	1.96	14.63	863.17
180	212	30.1	101173	13.58	101173	13.57	92143	83	31.08	1.85	12.91	627.03
181	216	30.2	101173	14.02	101174	13.38	92402	84	30.94	1.85	14.39	618.16
182	212	30.1	101169	14.31	101171	13.89	92065	83	30.98	1.87	11.79	545.08
183	215	30.3	101166	13.69	101157	14.23	92033	83	31.02	1.77	9.46	1041.16
184	212	30.2	101173	13.6	101163	14.15	91904	83	30.87	1.76	1.02	815.28
185	211	30.2	101174	13.9	101174	13.46	92082	83	31.14	1.87	14.36	892.35
186	212	30.2	101162	13.54	101175	13.42	92163	83	30.97	1.92	15.93	485.41
187	212	30.2	101174	14.07	101175	13.31	92104	83	31.06	1.86	16.04	423.41
188	214	30.2	101166	14.01	101169	13.5	92043	83	31.05	1.92	7.32	418.42
189	217	30.2	101174	13.25	101170	14.1	91988	83	31.1	1.79	0.83	425.42
190	215	30.2	101167	14.43	101173	13.98	91867	83	31.03	1.9	10.03	932.29
191	212	30.3	101169	13.43	101168	14.05	91836	83	30.96	1.94	18.62	355.35
192	215	30.2	101165	14.22	101172	13.53	91864	83	31.1	1.84	9.11	635.34
193	216	30.2	101165	13.63	101174	13.82	91808	83	31.09	1.81	13.63	968.25
194	211	30.2	101175	13.47	101167	14.16	92171	83	31.07	1.91	1.34	503.34
195	213	30.2	101162	13.93	101175	14.22	92087	83	31.18	1.95	10.96	807.12
196	212	30.2	101175	13.18	101176	13.33	91824	83	30.96	1.82	17.81	415.15
197	213	30.2	101163	14.04	101164	14.09	91642	83	30.91	1.94	16.98	722.1
198	211	30.2	101181	13.43	101175	13.36	92070	83	31.03	1.92	8.4	710.05
199	214	30.2	101179	13.34	101175	13.36	92237	83	31.11	1.81	17.94	847.99
200	215	30.1	101177	13.87	101170	13.96	92162	83	30.98	1.88	7.31	706.82
201	214	30.2	101173	14.08	101166	14.22	91646	83	31.02	1.94	9.35	462.94
202	213	30.2	101171	14.5	101162	13.47	91941	83	30.94	1.76	10.12	460.29
203	212	30.1	101172	13.66	101171	13.43	92320	83	31.1	1.93	20.0	949.52
204	214	30.3	101174	13.52	101175	13.18	91890	83	30.91	1.78	11.83	508.37
205	211	30.2	101173	13.54	101168	13.55	91859	83	31.17	1.97	2.02	721.21
206	212	30.2	101168	14.1	101165	13.6	92185	83	31.24	1.98	8.43	398.35
207	213	30.2	101174	13.99	101175	14.0	92312	83	31.06	1.9	2.79	567.44
208	213	30.2	101173	13.44	101177	13.34	92190	83	31.11	1.8	13.57	597.43
209	212	30.2	101175	13.86	101168	14.65	92094	83	31.06	1.79	10.16	688.57
210	210	30.2	101169	13.84	101165	14.02	92312	83	31.06	1.76	11.84	432.44
211	210	30.2	101168	13.91	101180	13.28	92170	83	31.11	1.79	16.39	927.47
212	211	30.2	101174	13.49	101174	13.4	91595	83	31.13	1.78	16.33	1028.5
213	211	30.1	101171	13.61	101165	13.52	91941	83	31.03	1.84	9.45	588.34
214	211	30.2	101170	13.25	101174	14.41	92039	83	31.14	1.83	2.3	873.31
215	216	30.2	101167	14.0	101175	13.6	92016	83	31.13	1.75	3.41	831.33
216	211	30.2	101176	13.34	101177	12.97	91705	83	31.18	1.74	9.07	886.33
217	215	30.2	101174	14.41	101173	13.39	91871	83	30.91	1.89	2.65	975.32
218	213	30.2	101167	13.6	101172	14.04	91841	83	30.96	1.76	15.76	677.21
219	213	30.2	101174	13.84	101176	13.25	91931	83	31.03	1.81	10.09	507.27
220	210	30.3	101174	13.36	101174	13.55	91983	83	31.01	1.82	3.26	444.25
221	211	30.2	101165	13.99	101173	13.55	92319	83	31.12	1.78	26.53	413.83
222	210	30.2	101165	13.83	101177	13.18	91889	83	31.11	1.88	25.52	992.38
223	224	30.2	101175	13.52	101172	13.6	91403	83	31.07	1.82	35.62	842.7
224	218	30.2	101166	14.13	101174	14.03	91565	83	31.03	1.97	34.39	358.88
225	213	30.2	101172	13.61	101163	13.46	92129	83	31.12	1.76	20.64	786.52
226	214	30.2	101178	13.61	101163	14.01	91888	83	31.11	1.87	11.16	518.36
227	221	30.2	101163	13.88	101169	13.35	92009	83	30.87	1.75	14.32	402.64
228	213	30.2	101171	13.58	101175	13.67	91891	83	31.08	1.78	25.95	687.42
229	213	30.2	101173	13.18	101168	13.65	92044	83	30.92	1.85	19.45	724.07
230	215	30.3	101175	13.27	101175	13.28	92072	83	31.03	1.9	15.89	639.27
231	211	30.2	101168	13.43	101171	13.99	92332	83	31.14	1.89	20.75	535.58
232	214	30.2	101167	13.52	101168	14.25	92087	83	30.86	1.89	10.41	385.79
233	213	30.2	101167	13.3	101174	14.12	92091	83	31.05	1.9	23.82	886.66
234	216	30.2	101167	13.68	101176	13.67	91826	83	31.06	1.86	14.99	723.72
235	212	30.2	101163	13.34	101181	13.95	91685	83	31.02	1.94	14.32	555.77
236	213	30.1	101178	13.16	101175	13.56	91946	83	30.99	1.84	13.96	823.36
237	218	30.3	101173	14.38	101167	13.94	91585	83	30.86	1.82	22.97	500.13
238	212	30.2	101168	13.18	101175	13.84	91779	83	30.86	1.87	5.57	971.23
239	210	30.2	101179	13.53	101174	14.06	91446	83	31.06	1.92	12.41	511.14
240	213	30.3	101161	14.01	101177	13.92	91876	83	31.12	1.95	18.99	887.42
241	212	30.3	101167	13.99	101170	13.08	91368	83	30.91	1.8	23.66	866.68
242	210	30.2	101165	14.14	101167	14.42	91283	82	30.97	1.9	4.53	577.48
243	212	30.2	101167	13.63	101167	13.55	91466	83	30.96	1.74	9.45	633.64
244	219	30.2	101178	13.34	101163	14.09	91267	82	31.08	1.78	1.38	1037.58
245	219	30.2	101174	14.04	101177	13.57	90851	82	31.02	1.88	19.06	655.08
246	213	30.2	101175	13.99	101171	14.11	90717	82	30.91	1.96	7.24	1005.43
247	215	30.2	101165	14.03	101172	13.42	90958	82	31.03	1.75	9.16	412.94
248	213	30.2	101178	13.88	101179	13.21	91184	82	30.96	1.82	6.71	381.11
249	214	30.2	101185	13.34	101180	12.96	91367	83	31.07	1.8	3.68	529.82
250	216	30.4	101180	13.4	101169	13.18	91377	83	31.13	1.76	8.69	492.97
251	215	30.2	101177	14.04	101176	13.9	91438	83	31.07	1.94	14.33	889.05
252	217	30.2	101175	13.56	101173	13.4	91632	83	31.01	1.85	16.16	983.57
253	214	30.2	101167	14.28	101171	14.28	91224	82	31.07	1.96	12.16	365.5
254	212	30.1	101177	13.48	101163	13.63	91091	82	30.91	1.86	10.28	847.2
255	214	30.1	101168	13.46	101165	13.88	91184	82	30.91	1.93	14.55	606.13
256	214	30.3	101168	13.21	101172	13.57	91433	83	31.07	1.78	13.93	1051.8
257	216	30.2	101174	14.42	101161	14.31	91881	83	31.06	1.77	3.71	765.11
258	213	30.2	101163	14.45	101172	13.96	91445	83	31.03	1.95	10.34	568.21
259	219	30.2	101163	13.96	101174	13.49	91602	83	30.86	1.88	12.74	969.22
260	215	30.2	101175	13.45	101168	13.49	91186	82	30.97	1.9	16.06	899.03
261	211	30.4	101173	13.5	101178	13.71	91428	83	31.03	1.97	7.26	824.48
262	213	30.2	101167	14.15	101175	12.95	91111	82	30.96	1.84	3.43	690.43
263	211	30.2	101179	13.82	101173	13.26	91458	83	30.91	1.97	9.26	791.52
264	213	30.2	101175	13.4	101182	13.22	91340	83	31.03	1.94	9.26	1006.44
265	211	30.2	101180	12.81	101176	13.05	91459	83	31.24	1.88	15.4	999.11
266	211	30.2	101190	12.34	101184	12.75	91106	82	31.01	1.87	13.46	689.32
267	217	30.2	101179	13.26	101182	12.88	90975	82	31.04	1.76	18.54	568.86
268	216	30.3	101178	13.09	101176	13.4	90773	82	31.15	1.72	21.52	819.96
269	211	30.2	101180	13.05	101180	12.68	90811	82	31.03	1.91	10.48	781.81
270	212	30.2	101177	13.25	101179	12.77	90954	82	30.96	1.82	16.05	477.84
271	210	30.2	101177	13.16	101181	12.67	90650	82	30.99	1.93	19.93	1046.64
272	212	30.3	101179	12.89	101176	13.39	91036	82	31.15	1.88	6.32	543.84
273	209	30.4	101177	13.34	101180	13.25	91166	82	31.14	1.84	13.29	985.96
274	211	30.3	101183	13.14	101178	12.92	91146	82	30.96	1.76	17.32	537.73
275	208	30.4	101180	13.77	101179	13.23	90582	82	31.03	1.86	9.78	402.52
276	209	30.3	101178	13.06	101178	12.45	90581	82	31.04	1.94	8.99	721.52
277	210	30.3	101182	12.62	101181	12.96	90604	82	31.02	1.89	13.05	984.64
278	209	30.3	101181	13.01	101177	12.83	90953	82	31.02	1.77	14.85	562.27
279	214	30.3	101182	13.18	101179	13.23	90699	82	31.13	1.7	14.57	589.95
280	209	30.3	101180	13.32	101174	13.5	90383	82	31.04	1.87	16.38	553.27
281	210	30.3	101175	13.57	101173	13.48	90786	82	31.04	1.84	22.91	639.47
282	213	30.4	101173	13.5	101173	13.46	90761	82	31.02	1.84	18.21	593.71
283	213	30.2	101174	13.84	101173	13.86	90519	82	30.97	1.94	16.86	651.73
284	209	30.4	101178	13.08	101181	13.33	90236	82	31.21	1.87	12.15	587.69
285	211	30.2	101174	13.58	101176	13.96	90149	81	30.96	1.84	21.34	672.41
286	209	30.4	101172	13.18	101175	13.18	90371	82	31.04	1.83	20.01	1049.25
287	212	30.3	101178	13.07	101173	13.44	90449	82	31.2	1.84	17.75	547.5
288	212	30.3	101180	13.27	101179	13.29	90286	82	31.13	1.89	21.69	590.23
289	209	30.3	101176	13.04	101173	13.94	90446	82	30.96	1.9	19.31	975.09
290	211	30.3	101168	13.35	101176	13.48	90575	82	30.95	1.92	18.43	792.04
291	211	30.3	101173	13.38	101166	14.23	90484	82	31.01	1.83	16.83	831.1
292	209	30.3	101169	13.36	101168	14.17	90082	81	30.96	1.84	8.73	396.06
293	208	30.4	101172	14.09	101173	13.19	90687	82	31.01	1.72	9.29	568.01
294	208	30.2	101173	13.47	101166	13.52	90366	82	30.92	1.8	20.54	718.22
295	211	30.3	101178	13.83	101176	13.29	90873	82	31.09	1.8	20.3	580.15
296	208	30.2	101177	14.03	101174	14.16	90287	82	30.97	1.76	19.45	1032.17
297	211	30.4	101172	13.49	101174	13.43	90407	82	31.03	1.77	16.38	634.04
298	208	30.4	101181	13.09	101174	13.12	90552	82	31.17	1.75	13.85	797.94
299	210	30.3	101176	13.46	101172	13.67	90298	82	31.19	1.93	13.6	1018.98
300	210	30.3	101174	13.44	101168	14.3	90109	81	31.05	1.94	6.0	945.11
301	208	30.3	101173	13.3	101173	13.39	89951	81	31.06	1.72	4.46	849.21
302	209	30.3	101177	13.18	101174	13.28	90318	82	30.94	1.93	1.94	890.35
303	209	30.3	101175	13.5	101177	13.43	90393	82	31.13	1.94	17.15	891.48
304	209	30.3	101179	14.1	101177	13.35	90227	82	31.03	1.86	13.6	850.49
305	209	30.3	101174	13.36	101175	13.06	90322	82	31.06	1.9	4.27	964.73
306	214	30.3	101178	13.55	101172	13.55	90106	81	30.96	1.93	17.1	590.81
307	215	30.3	101166	14.02	101172	13.62	90546	82	31.07	1.89	9.38	814.56
308	210	30.4	101175	14.14	101179	13.23	90032	81	30.96	1.95	21.03	595.83
309	208	30.2	101174	13.35	101176	13.42	90217	82	31.04	1.76	10.81	467.6
310	209	30.3	101175	13.33	101175	13.5	90402	82	30.96	1.71	10.7	568.81
311	210	30.2	101177	13.87	101183	13.02	89771	81	31.24	1.96	7.1	663.19
312	207	30.3	101165	14.0	101164	14.14	89653	81	30.97	1.92	11.93	399.46
313	210	30.3	101176	13.87	101169	13.95	89919	81	31.01	1.84	14.99	973.08
314	208	30.3	101173	14.11	101177	13.54	90045	81	31.03	1.76	9.5	481.92
315	212	30.3	101176	13.53	101169	13.96	90599	82	31.19	1.75	10.8	395.06
316	210	30.3	101176	13.41	101176	12.71	89588	81	31.08	1.9	32.38	810.83
317	208	30.2	101178	13.35	101179	13.32	89888	81	30.98	1.76	20.63	745.74
318	210	30.4	101168	14.21	101175	13.95	88676	80	30.96	1.86	5.39	430.6
319	210	30.3	101162	14.56	101165	14.75	88411	80	30.91	1.91	4.89	866.49
320	208	30.2	101163	13.36	101166	13.59	88733	80	31.12	1.88	20.23	764.19
321	212	30.3	101166	14.49	101172	14.32	89150	81	30.96	1.77	19.81	842.11
322	212	30.2	101170	14.1	101169	13.77	89175	81	31.0	1.79	33.42	429.97
323	212	30.3	101165	13.54	101164	14.27	89432	81	31.16	1.8	9.11	1020.01
324	210	30.3	101164	14.0	101173	14.62	89057	80	31.24	1.73	12.32	718.36
325	210	30.3	101160	13.71	101174	13.61	89413	81	31.08	1.85	18.35	467.13
326	212	30.3	101169	13.45	101176	13.04	89121	81	31.05	1.9	21.52	514.43
327	210	30.2	101182	13.02	101183	12.72	89608	81	31.03	1.84	14.15	559.03
328	210	30.3	101178	13.32	101167	13.29	90197	81	30.99	1.81	7.94	483.1
329	216	30.3	101178	13.21	101175	13.54	89846	81	31.13	1.78	13.07	603.79
330	213	30.3	101179	13.12	101177	13.07	89425	81	31.05	1.92	16.55	1046.54
331	207	30.2	101176	13.55	101166	13.99	89581	81	30.95	1.75	17.08	869.31
332	207	30.4	101175	14.0	101177	13.18	89858	81	30.96	1.8	10.66	1017.17
333	206	30.4	101164	13.41	101178	13.44	90107	81	30.96	1.76	5.31	358.23
334	208	30.5	101173	14.31	101172	13.28	89995	81	31.05	1.77	7.62	869.98
335	205	30.4	101173	13.18	101175	13.81	89837	81	31.2	1.72	17.78	673.98
336	207	30.4	101174	13.84	101175	13.44	90172	81	30.86	1.85	19.81	417.08
337	210	30.3	101168	13.45	101173	13.6	89838	81	30.98	1.85	4.6	465.33
338	212	30.4	101177	13.98	101166	13.27	89621	81	31.07	1.92	18.49	1029.4
339	207	30.4	101167	14.29	101167	14.75	89546	81	31.09	1.81	18.66	953.2
340	207	30.5	101173	14.32	101167	14.39	89566	81	30.97	1.77	19.15	900.08
341	204	30.5	101174	13.48	101174	13.47	89659	81	31.0	1.8	7.67	397.65
342	205	30.4	101168	14.48	101172	13.63	89591	81	31.08	1.87	13.18	770.55
343	206	30.4	101167	13.38	101175	13.51	90041	81	31.11	1.94	3.85	537.92
344	206	30.4	101173	13.42	101169	13.74	89468	81	31.05	1.73	10.28	471.77
345	207	30.4	101172	13.63	101174	13.5	90076	81	31.0	1.91	15.58	1028.0
346	205	30.4	101172	13.98	101171	14.03	89782	81	31.05	1.81	16.97	699.89
347	204	30.4	101168	13.9	101184	13.92	89785	81	31.01	1.92	10.98	701.86
348	204	30.4	101177	12.84	101176	13.38	89722	81	31.0	1.83	13.39	415.05
349	207	30.4	101172	13.34	101175	13.64	89681	81	31.12	1.88	5.17	696.15
350	204	30.4	101173	14.08	101169	13.58	90092	81	31.2	1.89	10.03	975.06
351	206	30.4	101172	13.61	101173	14.22	89789	81	31.07	1.75	14.15	896.21
352	211	30.4	101175	13.14	101180	13.12	90155	81	30.97	1.81	16.82	1014.36
353	211	30.4	101176	13.26	101179	14.22	89907	81	31.2	1.75	18.18	884.38
354	203	30.5	101169	13.44	101177	12.97	89696	81	31.05	1.95	21.78	833.03
355	216	30.5	101173	14.32	101169	13.95	90150	81	31.03	1.77	9.7	1044.18
356	215	30.4	101169	13.4	101165	13.86	90007	81	31.08	1.7	6.85	529.13
357	216	30.3	101173	13.93	101175	14.33	90099	81	30.96	1.92	6.37	908.17
358	215	30.3	101169	14.12	101173	12.88	89884	81	31.01	1.84	14.99	388.45
359	215	30.4	101173	13.45	101175	13.48	90073	81	30.92	1.88	4.17	751.61
360	217	30.4	101174	14.03	101165	13.94	89886	81	31.2	1.74	9.08	833.84
361	213	30.4	101169	13.44	101174	14.23	89876	81	31.19	1.81	6.78	802.89
362	215	30.3	101175	13.19	101171	13.15	90035	81	30.96	1.88	16.1	629.71
363	213	30.4	101175	13.36	101175	13.24	89949	81	30.99	1.93	5.1	703.83
364	214	30.3	101166	14.24	101167	14.06	89887	81	31.01	1.75	10.23	662.85
365	214	30.4	101162	13.71	101172	13.7	89665	81	30.96	1.92	10.6	835.82
366	216	30.4	101177	13.27	101175	13.21	89883	81	31.06	1.75	16.65	692.48
367	216	30.4	101177	13.34	101169	13.4	89846	81	31.05	1.72	16.42	810.99
368	215	30.5	101168	13.36	101175	14.06	89678	81	31.12	1.76	11.55	1034.47
369	216	30.4	101175	13.44	101172	13.52	88633	80	31.07	1.95	9.37	563.31
370	213	30.4	101165	13.7	101163	13.55	89282	81	31.1	1.96	10.67	1018.46
371	214	30.4	101176	13.08	101174	13.65	89429	81	31.05	1.73	13.95	496.84
372	218	30.4	101175	13.62	101177	13.34	89499	81	31.05	1.76	7.08	582.18
373	225	30.4	101165	13.5	101175	13.39	87845	79	31.18	1.79	38.6	831.58
374	228	30.4	101176	13.39	101178	13.69	88750	80	31.01	1.76	39.66	913.2
375	235	30.4	101168	13.61	101175	13.42	94811	86	31.1	1.88	25.39	366.86
376	238	30.4	101169	13.87	101167	14.03	95013	86	31.17	1.81	9.97	401.77
377	240	30.4	101166	13.93	101163	14.24	94902	86	31.27	1.83	6.19	326.64
378	240	30.5	101171	13.62	101166	13.54	95023	86	31.17	1.75	15.51	731.66
379	243	30.4	101165	14.13	101165	13.62	94971	86	31.12	1.81	22.41	363.72
380	242	30.4	101174	14.23	101168	14.18	95104	86	31.24	1.85	17.34	393.84
381	241	30.4	101172	13.63	101172	14.36	95060	86	31.1	1.69	17.16	425.41
382	241	30.4	101169	13.34	101177	13.08	95151	86	31.25	1.88	7.41	646.05
383	243	30.5	101176	13.49	101167	14.05	95079	86	31.12	1.79	3.49	555.93
384	242	30.4	101175	14.11	101173	13.85	95034	86	31.01	1.87	8.8	520.67
385	242	30.4	101168	14.16	101171	13.32	94898	86	31.01	1.74	5.49	1013.5
386	242	30.5	101163	14.13	101161	14.43	94887	86	31.06	1.73	5.22	723.98
387	245	30.5	101173	14.24	101173	13.53	95024	86	31.23	1.81	15.73	828.53
388	242	30.4	101176	13.27	101166	13.85	94842	86	31.08	1.8	6.91	691.89
389	245	30.5	101168	13.88	101167	14.17	94605	86	30.86	1.82	5.46	417.42
390	243	30.3	101164	14.08	101166	14.22	94852	86	31.23	1.93	13.27	494.2
391	245	30.5	101168	14.25	101176	13.41	94656	86	31.16	1.83	8.85	435.16
392	252	30.5	101167	14.2	101160	14.19	94573	85	31.06	1.91	4.56	964.68
393	247	30.5	101167	13.65	101167	13.51	94408	85	31.02	1.83	23.82	895.49
394	249	30.5	101173	14.05	101163	14.05	94720	86	31.01	1.92	19.35	359.75
395	254	30.4	101167	14.21	101164	14.25	95091	86	31.01	1.91	9.78	818.44
396	247	30.5	101168	14.29	101164	14.15	94811	86	31.0	1.69	5.76	839.92
397	252	30.4	101167	13.95	101169	14.35	94468	85	31.26	1.8	19.18	690.29
398	250	30.4	101172	14.07	101162	14.68	94384	85	31.05	1.87	11.79	835.7
399	250	30.4	101167	14.36	101172	14.02	94501	85	31.05	1.85	18.07	889.12
400	251	30.4	101167	14.05	101162	14.19	94704	86	31.15	1.85	14.04	399.95
401	250	30.4	101170	13.48	101175	14.33	94465	85	31.03	1.77	24.03	375.88
402	255	30.4	101164	13.59	101164	14.47	94383	85	31.15	1.84	17.81	653.68
403	252	30.4	101164	13.94	101174	13.99	94333	85	31.19	1.77	21.24	1028.7
404	257	30.3	101164	14.56	101166	14.25	94647	86	31.21	1.8	16.76	1020.47
405	254	30.4	101176	13.07	101178	13.39	94715	86	31.05	1.8	4.53	478.0
406	251	30.4	101163	14.38	101170	13.6	94638	86	31.08	1.82	19.1	489.43
407	250	30.4	101175	14.05	101170	13.41	94370	85	31.21	1.86	5.67	924.36
408	252	30.4	101165	13.44	101165	13.59	94764	86	31.03	1.81	13.67	373.72
409	251	30.4	101164	14.53	101170	13.92	94870	86	31.01	1.84	20.89	747.12
410	254	30.5	101175	13.35	101174	14.32	94206	85	31.03	1.8	10.29	972.35
411	253	30.5	101166	13.42	101178	13.46	94269	85	31.06	1.88	18.4	566.76
412	250	30.4	101177	13.3	101161	13.62	94229	85	31.18	1.78	8.7	881.08
413	251	30.4	101173	14.71	101163	13.12	94639	86	31.13	1.86	2.23	347.5
414	250	30.4	101179	13.87	101170	13.77	94459	85	31.05	1.78	18.88	522.95
415	249	30.5	101167	13.44	101173	13.5	94171	85	31.06	1.71	11.72	863.37
416	252	30.4	101168	13.94	101174	13.56	94155	85	31.01	1.91	17.51	434.6
417	248	30.4	101167	13.63	101167	14.03	94234	85	31.27	1.88	16.53	467.43
418	247	30.4	101172	13.62	101171	13.64	93917	85	31.02	1.75	2.02	895.93
419	250	30.5	101166	14.07	101166	13.5	93941	85	31.05	1.8	4.52	374.74
420	252	30.5	101171	14.16	101168	13.22	94078	85	31.24	1.69	11.0	945.91
421	249	30.4	101171	14.42	101165	13.52	94399	85	31.14	1.69	15.24	597.74
422	251	30.5	101174	13.84	101171	13.31	94105	85	31.18	1.69	17.18	979.52
423	248	30.5	101172	13.98	101170	13.93	94205	85	31.07	1.83	10.69	636.74
424	251	30.5	101166	13.95	101175	13.8	94168	85	31.11	1.83	8.57	837.47
425	248	30.4	101171	14.38	101176	13.6	94190	85	31.21	1.72	23.42	679.58
426	248	30.3	101166	14.46	101175	12.98	93973	85	31.08	1.86	5.14	513.23
427	247	30.4	101172	13.26	101172	13.72	94131	85	31.01	1.82	2.18	472.66
428	250	30.4	101172	13.61	101176	13.54	94495	85	31.16	1.86	8.84	410.84
429	252	30.5	101174	13.88	101169	14.09	94126	85	31.04	1.77	10.65	401.15
430	249	30.5	101172	13.5	101174	13.92	93769	85	31.16	1.85	3.1	745.23
431	252	30.5	101172	13.63	101165	14.42	93770	85	31.06	1.79	3.08	711.72
432	248	30.5	101167	13.95	101164	14.19	93797	85	31.1	1.74	8.11	635.71
433	248	30.4	101175	14.29	101166	14.5	94269	85	31.16	1.82	8.34	864.94
434	250	30.4	101169	14.02	101168	14.15	93916	85	31.19	1.83	19.93	793.95
435	250	30.3	101167	14.02	101171	13.87	94272	85	30.96	1.81	18.23	813.43
436	252	30.3	101164	14.34	101163	13.99	94015	85	30.98	1.8	15.01	612.59
437	249	30.4	101162	14.28	101160	14.28	93976	85	31.01	1.65	4.64	589.09
438	249	30.5	101166	14.02	101166	14.13	94355	85	31.05	1.76	17.2	661.49
439	249	30.5	101167	13.68	101161	14.18	93708	85	31.24	1.69	20.19	571.0
440	249	30.5	101169	14.01	101175	13.25	94236	85	31.04	1.79	5.47	487.51
441	248	30.5	101172	14.03	101171	13.66	94243	85	31.18	1.66	18.89	369.09
442	248	30.4	101170	13.78	101173	13.49	94404	85	31.01	1.88	14.79	839.55
443	251	30.5	101168	13.44	101177	13.49	94065	85	31.29	1.65	19.37	683.06
444	255	30.5	101172	14.26	101166	14.11	93891	85	31.14	1.81	8.1	970.07
445	251	30.4	101166	14.56	101160	14.3	94280	85	30.96	1.68	5.55	507.41
446	248	30.3	101164	14.19	101164	14.57	94213	85	30.96	1.7	19.65	472.71
447	250	30.5	101165	14.29	101161	13.39	93941	85	31.05	1.78	8.51	533.17
448	252	30.4	101177	14.06	101169	14.43	93759	85	31.04	1.89	6.52	1014.02
449	250	30.4	101168	14.31	101167	14.48	94206	85	31.06	1.72	13.12	432.36
450	250	30.5	101164	14.16	101161	14.56	94007	85	31.07	1.68	13.37	760.01
451	249	30.5	101167	14.13	101164	14.31	93639	85	31.01	1.89	10.74	686.25
452	250	30.6	101158	14.61	101158	14.2	93906	85	31.16	1.9	22.16	696.06
453	258	30.5	101168	14.44	101162	14.15	93598	85	31.17	1.68	19.82	881.79
454	251	30.5	101161	14.88	101155	14.74	93920	85	31.11	1.9	12.04	694.12
455	252	30.4	101157	14.43	101161	14.65	93582	85	31.31	1.81	19.99	664.02
456	252	30.4	101163	14.68	101164	13.93	93587	85	31.2	1.82	2.63	951.81
457	254	30.5	101163	14.63	101160	14.86	93735	85	31.15	1.75	18.27	999.61
458	251	30.4	101158	15.28	101161	14.23	93782	85	31.1	1.84	18.25	495.54
459	253	30.5	101164	14.07	101163	14.26	93693	85	30.99	1.66	10.37	974.48
460	252	30.5	101159	14.37	101162	14.25	93611	85	31.08	1.73	17.73	659.93
461	251	30.5	101165	14.55	101163	14.48	94004	85	30.97	1.75	23.78	367.16
462	252	30.5	101160	14.22	101160	14.48	94074	85	31.01	1.81	11.35	921.6
463	253	30.4	101161	14.51	101167	14.73	94109	85	31.12	1.76	9.33	1020.43
464	251	30.5	101167	14.68	101159	14.42	93617	85	31.01	1.77	2.85	862.85
465	252	30.6	101164	14.57	101164	14.74	93570	85	31.1	1.85	7.06	352.73
466	253	30.6	101159	14.83	101164	14.21	93680	85	31.06	1.68	8.18	487.65
467	251	30.5	101167	14.46	101161	14.03	93977	85	30.96	1.82	20.44	564.7
468	255	30.5	101159	14.38	101162	14.47	93950	85	31.0	1.73	14.04	918.81
469	258	30.4	101169	14.4	101167	14.51	93770	85	31.01	1.77	21.5	907.18
470	253	30.5	101163	14.54	101164	13.86	93613	85	31.26	1.71	2.73	848.54
471	252	30.5	101169	14.24	101165	13.83	93702	85	31.01	1.73	12.02	331.91
472	253	30.4	101164	14.38	101164	14.5	93567	85	31.2	1.84	8.79	498.57
473	254	30.6	101163	14.53	101166	14.41	93817	85	31.09	1.81	4.38	672.31
474	253	30.5	101167	14.16	101159	14.19	93927	85	31.03	1.86	18.05	436.03
475	254	30.5	101168	13.39	101174	13.84	94092	85	31.01	1.76	11.25	781.81
476	254	30.6	101164	14.19	101165	14.04	93996	85	31.01	1.86	18.31	297.23
477	257	30.4	101172	14.26	101170	14.15	93707	85	31.11	1.82	6.37	351.28
478	255	30.5	101167	14.34	101164	14.85	93525	85	31.2	1.87	13.52	300.54
479	258	30.6	101168	14.13	101172	13.59	93864	85	30.96	1.74	11.11	307.74
480	252	30.5	101166	13.41	101175	13.87	94034	85	31.15	1.82	20.49	766.21
481	253	30.5	101173	13.95	101173	14.35	93294	84	31.0	1.68	17.08	405.76
482	258	30.6	101174	14.15	101175	13.47	93357	84	31.11	1.76	18.83	822.47
483	255	30.5	101171	13.63	101166	14.49	93724	85	30.96	1.75	7.6	413.54
484	256	30.5	101167	14.12	101167	13.52	93850	85	31.01	1.72	21.16	406.37
485	254	30.5	101171	13.61	101171	13.23	93380	84	30.99	1.8	19.39	902.28
486	255	30.5	101168	14.26	101165	14.42	93405	84	31.04	1.74	11.47	893.67
487	253	30.6	101164	14.44	101162	14.47	93721	85	31.04	1.73	13.62	513.31
488	255	30.5	101168	13.93	101170	14.15	93912	85	31.05	1.82	2.82	724.5
489	258	30.5	101170	13.82	101169	13.4	93864	85	30.94	1.91	7.95	365.29
490	254	30.4	101168	14.05	101167	13.78	93308	84	31.08	1.81	16.75	306.56
491	253	30.5	101177	14.17	101167	13.36	93277	84	31.01	1.66	20.68	844.22
492	253	30.5	101167	14.38	101165	14.4	93568	85	31.12	1.74	10.4	185.79
493	259	30.5	101165	14.27	101168	14.13	94056	85	31.13	1.82	16.64	185.11
494	253	30.5	101161	14.59	101166	14.11	93853	85	31.17	1.67	14.02	849.74
495	256	30.6	101165	14.41	101174	14.14	93690	85	30.97	1.8	19.86	566.23
496	256	30.6	101165	14.13	101174	13.47	93383	84	31.12	1.83	11.73	254.63
497	257	30.4	101161	14.34	101163	14.2	93841	85	30.96	1.69	9.99	275.08
498	255	30.5	101169	13.54	101173	14.24	93769	85	31.02	1.88	19.93	452.55
499	258	30.4	101165	14.04	101160	14.35	93143	84	31.08	1.88	19.62	603.72
500	256	30.6	101174	14.16	101163	13.95	93464	84	31.01	1.72	24.08	361.4
501	256	30.4	101161	14.32	101163	14.7	93847	85	31.12	1.9	9.18	764.83
502	263	30.5	101165	13.92	101165	14.67	93614	85	31.07	1.87	8.27	337.01
503	257	30.5	101167	14.18	101160	14.19	93628	85	31.11	1.9	4.81	907.79
504	258	30.4	101168	14.31	101163	14.38	93309	84	31.08	1.92	15.7	546.19
505	258	30.6	101166	14.43	101173	14.45	93584	85	31.05	1.92	8.58	607.79
506	257	30.4	101159	14.67	101167	14.07	93758	85	30.91	1.91	6.42	765.22
507	257	30.5	101168	14.55	101170	13.82	93925	85	30.91	1.69	15.84	477.79
508	258	30.5	101162	14.61	101168	13.43	93157	84	30.91	1.69	14.72	271.59
509	256	30.6	101165	14.19	101173	14.36	93292	84	31.13	1.8	10.75	859.76
510	255	30.5	101169	14.07	101166	14.28	93403	84	30.97	1.83	5.8	786.61
511	257	30.6	101156	14.2	101173	14.49	94162	85	30.96	1.93	12.88	483.43
512	256	30.6	101170	13.79	101176	13.97	93911	85	30.99	1.89	12.93	300.85
513	258	30.5	101167	13.36	101178	14.25	93501	85	30.96	1.74	10.84	615.61
514	259	30.5	101163	14.22	101161	14.62	93431	84	31.04	1.93	5.11	526.13
515	261	30.5	101172	14.57	101163	14.42	93619	85	31.02	1.79	9.35	390.42
516	258	30.5	101165	15.0	101160	14.3	93524	85	31.05	1.92	10.01	829.91
517	259	30.5	101165	14.08	101158	14.5	93164	84	30.92	1.82	8.52	922.34
518	258	30.6	101172	14.16	101165	13.57	93694	85	31.01	1.83	1.29	598.57
519	265	30.6	101165	13.67	101156	14.17	93838	85	31.11	1.9	10.87	438.87
520	260	30.5	101172	14.46	101169	13.55	93633	85	30.96	1.78	20.53	568.98
521	262	30.4	101164	13.49	101167	14.03	93197	84	31.05	1.83	3.75	470.86
522	260	30.5	101165	14.37	101165	14.31	93762	85	31.0	1.81	13.86	640.94
523	258	30.5	101162	14.33	101166	14.65	93659	85	31.02	1.69	8.32	562.08
524	258	30.4	101170	14.24	101158	14.53	93592	85	31.1	1.75	16.0	504.76
525	259	30.4	101164	13.87	101165	14.04	93526	85	31.01	1.92	17.39	310.83
526	261	30.5	101166	14.18	101167	14.32	93733	85	30.91	1.79	14.22	687.99
527	259	30.4	101177	13.07	101175	13.97	93613	85	30.91	1.73	16.48	945.05
528	261	30.5	101177	13.25	101182	13.5	93889	85	30.91	1.85	11.13	889.72
529	263	30.5	101184	12.84	101178	13.38	93417	84	31.17	1.85	22.03	571.23
530	263	30.5	101175	13.39	101177	13.27	93470	84	31.05	1.81	13.71	353.0
531	260	30.5	101168	13.5	101174	13.24	93443	84	30.91	1.89	16.07	768.37
532	261	30.6	101172	13.5	101176	13.19	93860	85	31.01	1.86	4.49	383.21
533	261	30.5	101172	14.01	101167	13.24	93290	84	30.95	1.83	5.59	662.72
534	262	30.6	101166	13.79	101166	13.57	93633	85	30.97	1.79	3.5	914.95
535	263	30.4	101163	13.97	101165	13.67	93553	85	31.01	1.8	15.1	914.03
536	263	30.5	101174	13.57	101173	13.43	93334	84	31.05	1.93	17.41	354.38
537	266	30.6	101164	13.34	101168	13.35	93267	84	31.04	1.83	14.76	697.8
538	262	30.5	101167	14.07	101175	14.0	93332	84	30.97	1.92	16.7	641.33
539	263	30.5	101166	13.38	101175	13.56	93406	84	30.94	1.76	10.94	931.2
540	261	30.6	101170	13.82	101170	13.88	93793	85	31.05	1.84	9.26	461.84
541	262	30.6	101170	13.18	101168	13.34	93538	85	30.91	1.7	3.34	380.18
542	265	30.5	101172	14.26	101167	13.53	93044	84	31.09	1.8	20.76	512.68
543	263	30.5	101166	14.1	101173	14.23	93547	85	31.04	1.76	7.48	631.09
544	262	30.5	101174	13.46	101177	13.87	93168	84	30.96	1.82	17.54	634.59
545	259	30.5	101164	14.02	101162	13.61	93371	84	31.1	1.89	5.15	535.7
546	263	30.5	101168	13.84	101173	14.03	93058	84	31.0	1.85	9.05	773.04
547	262	30.5	101167	14.25	101164	14.09	93154	84	31.15	1.87	3.15	374.34
548	266	30.5	101169	13.56	101168	13.49	93511	85	30.91	1.88	6.75	889.23
549	265	30.5	101168	13.87	101165	14.05	93648	85	30.91	1.94	21.54	679.29
550	266	30.4	101164	14.29	101162	14.06	93325	84	30.91	1.77	6.84	416.69
551	266	30.5	101166	14.25	101166	13.97	93097	84	31.19	1.76	16.51	376.93
552	266	30.5	101175	13.38	101175	13.22	93498	84	31.09	1.83	16.32	606.91
553	267	30.5	101176	14.16	101172	14.31	93148	84	31.04	1.88	9.7	485.87
554	268	30.4	101170	12.8	101178	13.13	93087	84	31.15	1.75	12.8	489.76
555	271	30.5	101176	13.02	101176	13.34	93407	84	31.05	1.94	19.41	370.8
556	266	30.5	101174	13.2	101183	12.87	93082	84	30.9	1.92	6.12	561.69
557	264	30.5	101182	13.14	101178	13.08	93086	84	30.86	1.9	10.7	947.96
558	247	30.5	101176	13.52	101173	13.44	93161	84	30.97	1.85	3.35	617.24
559	245	30.5	101174	13.57	101168	14.2	93176	84	30.99	1.78	19.61	355.25
560	245	30.5	101173	13.94	101177	14.05	93638	85	30.98	1.71	10.63	497.21
561	247	30.5	101177	13.38	101169	13.36	93513	85	31.07	1.71	1.89	680.28
562	245	30.6	101175	13.37	101181	13.33	93216	84	31.08	1.81	18.02	359.63
563	245	30.5	101179	13.03	101175	13.4	93227	84	30.86	1.87	15.04	994.76
564	245	30.5	101172	13.32	101175	13.47	93242	84	31.09	1.94	16.92	963.79
565	244	30.5	101177	13.24	101168	13.97	93001	84	30.96	1.82	7.09	497.79
566	245	30.4	101170	13.97	101168	13.41	93170	84	30.92	1.71	17.29	831.7
567	246	30.5	101175	13.34	101168	14.24	92998	84	30.96	1.9	22.24	321.42
568	250	30.5	101169	14.08	101169	14.04	93297	84	31.12	1.75	17.89	951.61
569	247	30.6	101161	14.26	101159	14.22	93217	84	30.91	1.78	7.33	1006.5
570	249	30.5	101169	13.56	101169	13.91	93159	84	30.99	1.85	11.22	481.17
571	248	30.5	101175	13.9	101173	14.13	93050	84	30.91	1.82	11.53	944.21
572	255	30.5	101173	13.26	101173	13.44	93451	84	30.96	1.73	6.32	983.63
573	251	30.5	101176	13.34	101176	13.92	92710	84	31.07	1.87	11.54	644.5
574	250	30.5	101165	13.6	101168	13.58	93008	84	31.01	1.74	5.26	983.32
575	250	30.5	101176	13.39	101175	13.1	93303	84	31.04	1.72	14.49	329.32
576	249	30.5	101175	14.03	101169	13.16	93391	84	30.86	1.75	9.67	915.13
577	247	30.5	101166	13.61	101165	13.68	92713	84	31.02	1.7	9.47	570.97
578	252	30.5	101172	14.43	101166	13.76	92664	84	30.82	1.87	10.39	379.25
579	251	30.5	101174	13.5	101173	13.67	92987	84	31.02	1.77	5.86	544.95
580	252	30.6	101177	13.49	101169	13.38	93214	84	31.12	1.89	16.98	457.9
581	253	30.5	101173	13.08	101176	13.19	92788	84	31.03	1.74	12.45	721.75
582	253	30.5	101168	13.35	101178	14.07	92837	84	30.97	1.86	12.81	355.36
583	253	30.5	101178	13.95	101177	12.74	92869	84	30.87	1.93	18.9	471.07
584	251	30.4	101175	14.21	101168	13.97	93214	84	30.92	1.75	19.6	815.67
585	253	30.5	101174	13.5	101174	14.1	92787	84	31.1	1.95	8.66	613.61
586	249	30.5	101175	13.56	101170	13.32	92445	84	30.93	1.74	13.57	678.45
587	250	30.5	101173	13.69	101178	13.61	92663	84	31.07	1.73	16.87	558.8
588	252	30.6	101173	13.64	101174	13.46	92709	84	30.94	1.76	20.42	427.62
589	250	30.5	101179	13.81	101179	13.28	92331	83	31.1	1.74	1.24	403.17
590	252	30.4	101178	13.1	101168	14.09	92893	84	30.98	1.78	18.8	935.64
591	252	30.4	101171	13.63	101180	13.97	92689	84	30.92	1.86	9.3	597.32
592	250	30.5	101182	13.4	101179	13.47	92740	84	31.01	1.95	12.0	632.11
593	248	30.5	101179	13.65	101178	13.62	92496	84	30.95	1.96	10.89	805.74
594	251	30.6	101167	13.25	101175	13.49	92372	83	31.14	1.96	9.25	791.35
595	250	30.5	101176	13.53	101172	13.55	92457	84	30.9	1.93	5.21	918.75
596	251	30.5	101167	14.03	101173	13.44	92608	84	31.09	1.93	12.28	870.21
597	249	30.5	101174	12.94	101178	13.12	92537	84	31.05	1.87	13.63	482.83
598	252	30.6	101170	13.8	101167	14.06	92807	84	31.17	1.9	5.95	422.04
599	254	30.4	101170	13.38	101176	13.32	92744	84	31.04	1.88	21.99	483.67
600	249	30.5	101176	13.97	101174	14.05	92268	83	31.04	1.72	13.18	581.19
601	251	30.5	101177	13.41	101177	13.86	92568	84	31.03	1.93	19.84	598.93
602	249	30.5	101174	13.14	101176	13.46	92551	84	30.91	1.86	15.07	593.33
603	249	30.5	101169	13.43	101174	13.99	92818	84	31.12	1.73	18.87	1000.81
604	251	30.5	101175	13.76	101169	13.94	92209	83	30.91	1.72	12.56	766.38
605	250	30.5	101172	13.61	101164	14.24	92685	84	31.02	1.83	15.84	969.84
606	249	30.5	101174	13.92	101164	13.82	92610	84	30.9	1.76	11.86	836.12
607	251	30.5	101166	13.49	101175	13.44	92622	84	30.9	1.94	14.37	914.66
608	255	30.6	101174	13.31	101175	13.92	92691	84	30.95	1.72	15.76	962.09
609	250	30.5	101173	14.22	101172	13.52	92693	84	31.12	1.85	3.83	467.04
610	250	30.4	101163	14.0	101177	13.37	92508	84	30.91	1.84	11.23	404.24
611	252	30.5	101165	14.02	101171	13.78	92663	84	30.89	1.72	4.11	614.98
612	250	30.5	101173	13.68	101173	13.65	92537	84	30.96	1.8	10.55	647.33
613	252	30.5	101165	14.01	101174	13.48	92876	84	31.17	1.73	17.91	941.03
614	253	30.6	101178	13.42	101175	13.22	92557	84	30.96	1.85	19.36	393.52
615	251	30.5	101173	14.2	101174	13.45	92645	84	30.91	1.73	16.68	493.68
616	251	30.4	101167	13.38	101173	14.03	92644	84	31.05	1.74	14.22	660.12
617	250	30.6	101166	14.0	101176	13.87	92736	84	31.0	1.72	20.82	375.52
618	250	30.5	101171	14.21	101172	14.48	93094	84	31.02	1.83	10.05	792.96
619	254	30.4	101178	13.4	101169	13.23	92550	84	30.91	1.91	16.0	988.27
620	253	30.5	101173	13.37	101169	13.27	92706	84	30.98	1.72	14.34	404.58
621	254	30.6	101172	14.04	101166	13.57	92930	84	31.01	1.78	7.2	504.83
622	253	30.5	101166	13.69	101173	13.47	92577	84	31.0	1.76	15.33	835.15
623	254	30.4	101173	13.63	101168	13.48	92418	84	31.07	1.74	17.54	516.59
624	254	30.4	101173	13.58	101168	13.14	92742	84	30.86	1.74	12.9	881.19
625	252	30.6	101173	13.51	101177	13.4	92986	84	31.15	1.87	13.11	1004.5
626	255	30.4	101177	13.63	101170	13.66	92355	83	30.87	1.82	7.81	1037.81
627	251	30.4	101175	13.46	101169	13.56	92161	83	30.82	1.75	16.34	558.1
628	253	30.5	101177	13.32	101179	13.32	92241	83	30.98	1.95	15.35	544.48
629	254	30.6	101176	13.29	101177	13.95	92610	84	30.97	1.76	16.71	407.7
630	251	30.5	101172	13.59	101168	13.53	92223	83	31.01	1.78	16.79	391.05
631	253	30.5	101173	13.99	101174	13.92	92242	83	31.0	1.71	2.94	1047.23
632	251	30.4	101166	13.62	101174	14.11	92477	84	31.03	1.72	6.22	693.46
633	251	30.5	101161	13.42	101176	13.26	92697	84	30.95	1.73	4.05	919.88
634	253	30.5	101164	13.37	101171	14.11	92503	84	31.01	1.83	6.19	468.31
635	253	30.6	101169	13.83	101166	13.41	92128	83	31.02	1.84	13.5	445.64
636	258	30.4	101166	13.96	101168	13.64	92193	83	31.04	1.83	20.97	375.62
637	255	30.5	101173	13.52	101167	13.54	92667	84	30.9	1.92	7.34	674.9
638	255	30.5	101175	13.75	101168	13.71	92172	83	30.9	1.74	1.23	606.19
639	251	30.6	101172	14.39	101166	13.49	91956	83	30.88	1.87	18.11	673.42
640	253	30.5	101166	14.01	101165	14.02	92087	83	30.93	1.76	12.72	1040.66
641	253	30.5	101163	13.39	101174	14.33	92156	83	30.91	1.93	2.91	550.7
642	255	30.5	101173	13.49	101175	14.06	92058	83	31.01	1.75	3.68	842.05
643	256	30.4	101164	14.1	101167	14.67	91960	83	31.06	1.81	11.89	763.32
644	257	30.5	101164	13.99	101162	14.32	92274	83	30.92	1.86	11.4	933.43
645	253	30.5	101167	14.03	101168	14.04	91996	83	30.99	1.76	20.93	893.64
646	254	30.5	101167	14.06	101174	14.03	91760	83	31.1	1.77	19.85	991.67
647	255	30.5	101166	14.43	101162	14.22	92143	83	31.07	1.89	16.75	440.75
648	254	30.5	101168	13.63	101172	14.1	92264	83	30.94	1.85	13.85	738.96
649	252	30.4	101164	13.7	101176	13.58	92384	83	30.91	1.76	5.39	1050.27
650	258	30.5	101168	13.51	101164	14.17	91901	83	31.0	1.87	5.4	796.42
651	254	30.4	101168	13.43	101166	14.04	91861	83	30.96	1.85	2.5	513.65
652	254	30.5	101168	13.82	101166	13.27	92119	83	30.9	1.89	15.3	880.93
653	256	30.6	101169	14.14	101165	14.02	92142	83	30.94	1.87	8.16	402.09
654	257	30.6	101168	14.77	101166	13.96	91858	83	31.09	1.72	20.43	705.22
655	254	30.5	101167	14.57	101168	14.58	91824	83	31.11	1.92	13.18	957.36
656	254	30.5	101165	13.97	101168	13.27	92343	83	30.98	1.8	13.75	681.52
657	254	30.5	101168	14.18	101176	13.41	92591	84	31.1	1.91	2.38	665.03
658	251	30.5	101175	13.42	101176	13.06	91839	83	30.97	1.96	4.4	501.39
659	251	30.6	101179	13.07	101181	13.03	92148	83	30.86	1.9	14.73	761.54
660	250	30.5	101182	12.92	101175	13.22	92213	83	30.95	1.87	11.91	817.51
661	252	30.5	101177	13.41	101174	13.33	92518	84	30.91	1.89	14.95	508.1
662	249	30.5	101171	13.62	101176	13.51	92197	83	30.93	1.89	19.23	450.27
663	251	30.6	101165	14.02	101163	14.19	92330	83	30.87	1.79	6.58	580.33
664	256	30.6	101174	13.47	101172	13.56	92491	84	31.0	1.75	12.29	701.28
665	250	30.4	101173	13.27	101178	13.67	92493	84	31.09	1.97	14.72	713.21
666	250	30.5	101174	13.17	101174	13.79	92210	83	30.91	1.87	19.39	355.29
667	251	30.5	101174	13.65	101169	13.29	91975	83	30.98	1.95	6.65	693.64
668	249	30.5	101174	13.3	101177	13.88	92481	84	30.86	1.84	20.47	371.98
669	249	30.5	101176	12.92	101178	12.94	92062	83	30.86	1.92	1.8	762.16
670	252	30.4	101172	13.58	101172	13.69	91962	83	30.88	1.9	22.0	517.96
671	252	30.5	101172	13.6	101165	13.72	92165	83	30.8	1.88	13.48	702.12
672	252	30.5	101174	13.17	101176	13.43	92331	83	30.86	1.81	18.47	699.98
673	252	30.5	101174	13.62	101174	14.22	92308	83	30.91	1.97	13.32	808.15
674	252	30.5	101168	14.02	101169	13.61	92008	83	31.02	1.8	16.57	781.48
675	251	30.5	101167	14.17	101170	13.8	91817	83	30.96	1.84	14.05	614.65
676	251	30.5	101179	13.2	101181	13.35	91926	83	30.82	1.73	15.0	778.66
677	254	30.6	101178	13.52	101174	13.53	91649	83	31.02	1.87	2.04	1006.01
678	254	30.4	101175	13.48	101167	13.42	92062	83	30.91	1.85	15.86	635.92
679	251	30.6	101174	12.85	101174	13.53	91996	83	30.96	1.85	2.65	743.27
680	251	30.4	101175	13.3	101176	13.78	91893	83	30.97	1.9	11.31	751.53
681	254	30.6	101175	14.02	101168	13.49	92024	83	30.85	1.82	2.95	907.56
682	257	30.5	101183	13.88	101167	13.64	92046	83	30.97	1.95	21.05	732.49
683	251	30.6	101173	13.15	101171	13.43	92267	83	31.14	1.83	1.3	542.71
684	251	30.5	101176	13.3	101174	13.99	92105	83	30.87	1.82	17.81	772.83
685	253	30.4	101174	13.75	101177	13.28	91709	83	30.93	1.81	20.26	928.06
686	251	30.5	101177	13.45	101176	13.53	92084	83	30.86	1.95	4.92	611.54
687	252	30.5	101177	12.75	101180	13.76	91939	83	30.86	1.82	10.81	936.47
688	251	30.6	101175	13.54	101171	13.44	92161	83	30.91	1.81	8.91	522.65
689	251	30.5	101174	14.12	101174	13.7	91935	83	30.91	1.92	13.82	446.71
690	254	30.5	101170	13.86	101175	13.43	91912	83	30.91	1.91	19.82	644.84
691	254	30.5	101178	13.09	101174	13.2	92331	83	30.91	1.78	5.04	544.99
692	256	30.6	101179	13.05	101167	13.56	91820	83	30.91	1.75	5.54	387.31
693	253	30.5	101172	13.6	101163	14.09	92033	83	30.94	1.9	8.16	836.32
694	250	30.5	101175	13.57	101177	13.27	91833	83	31.07	1.88	8.15	740.58
695	250	30.4	101178	13.04	101170	13.81	92101	83	31.0	1.87	10.32	383.55
696	251	30.5	101175	13.56	101167	13.91	91770	83	30.99	1.87	4.54	972.67
697	251	30.6	101167	14.24	101164	14.55	91976	83	30.98	1.95	15.85	710.82
698	251	30.4	101167	13.3	101179	13.44	92044	83	30.82	1.93	5.49	646.94
699	251	30.4	101172	14.04	101173	13.48	92151	83	30.96	1.87	2.4	533.16
700	253	30.5	101174	14.0	101170	13.36	91889	83	30.7	1.87	5.68	784.27
701	253	30.5	101177	13.38	101176	13.23	91697	83	30.86	1.78	17.28	1038.47
702	253	30.5	101174	13.42	101176	12.93	91863	83	31.15	1.91	8.61	548.61
703	251	30.4	101174	13.1	101179	13.33	92277	83	30.92	1.96	8.1	540.79
704	251	30.5	101173	13.63	101177	13.58	91799	83	30.96	1.87	15.01	657.92
705	252	30.6	101174	13.25	101176	13.65	91999	83	30.96	1.75	12.09	567.46
706	253	30.5	101166	13.43	101176	13.36	91973	83	30.93	1.92	10.89	636.26
707	252	30.6	101176	13.28	101168	13.44	91727	83	30.82	1.78	5.03	557.79
708	252	30.4	101170	13.09	101170	12.92	91655	83	30.87	1.75	13.96	727.15
709	255	30.5	101168	13.3	101172	13.61	91608	83	30.86	1.74	3.85	682.15
710	251	30.6	101177	13.3	101175	13.83	92164	83	31.12	1.88	10.18	752.37
711	251	30.5	101176	13.48	101176	14.01	91994	83	30.94	1.81	20.91	879.15
712	253	30.4	101176	13.8	101176	13.62	91457	83	30.99	1.89	21.82	385.77
713	252	30.5	101174	13.51	101177	13.4	92118	83	30.9	1.86	17.99	526.12
714	250	30.5	101175	13.47	101175	13.6	92199	83	31.0	1.87	1.72	545.37
715	254	30.4	101172	13.37	101169	13.47	91667	83	30.92	1.91	0.99	624.42
716	251	30.4	101177	13.48	101173	13.62	91558	83	30.82	1.87	8.28	852.39
717	253	30.5	101177	13.4	101174	12.93	91516	83	30.82	1.9	7.35	700.49
718	256	30.5	101178	12.85	101181	12.76	91799	83	31.04	1.78	16.62	621.45
719	253	30.5	101173	12.91	101177	13.17	91336	83	31.0	1.73	14.28	440.74
720	249	30.5	101176	13.15	101172	13.2	91585	83	30.82	1.94	19.46	512.36
721	251	30.5	101175	13.21	101178	12.81	91869	83	30.86	1.76	24.47	913.1
722	250	30.5	101178	13.28	101178	13.39	91816	83	30.97	1.9	17.33	548.06
723	252	30.5	101176	13.61	101174	13.62	91595	83	30.91	1.9	15.46	969.48
724	253	30.5	101177	13.14	101174	13.22	91334	83	30.87	1.83	2.33	1025.74
725	251	30.5	101177	13.51	101175	13.59	91857	83	30.98	1.91	15.41	381.75
726	252	30.5	101174	13.32	101175	13.36	92031	83	30.86	1.73	12.95	1017.67
727	250	30.5	101182	13.02	101184	12.66	91200	82	30.92	1.91	2.68	937.61
728	251	30.5	101176	13.19	101179	13.58	91356	83	30.92	1.71	26.21	664.77
729	250	30.4	101175	13.78	101178	13.28	91556	83	30.93	1.85	12.63	1020.86
730	251	30.5	101172	13.55	101178	13.65	91577	83	31.0	1.76	8.16	545.14
731	250	30.5	101174	13.98	101173	13.94	91751	83	30.91	1.87	8.78	989.37
732	253	30.6	101168	13.98	101175	12.98	91281	82	30.94	1.89	2.65	440.42
733	252	30.5	101172	13.6	101166	13.5	91617	83	30.96	1.9	23.01	878.16
734	250	30.5	101164	14.12	101164	13.7	91510	83	30.83	1.89	19.32	482.12
735	250	30.5	101168	13.47	101165	14.16	91879	83	30.95	1.83	20.63	395.19
736	253	30.5	101167	13.61	101178	13.55	91349	83	30.98	1.96	3.84	1035.79
737	252	30.5	101178	14.21	101173	13.95	91703	83	30.88	1.75	18.06	411.09
738	252	30.5	101171	13.58	101172	13.66	91225	82	30.98	1.73	20.13	784.2
739	250	30.5	101177	13.08	101180	13.21	91468	83	30.88	1.84	4.22	499.27
740	250	30.5	101174	13.14	101175	13.32	91419	83	30.96	1.96	16.78	533.9
741	251	30.5	101175	14.13	101174	13.29	91528	83	31.01	1.79	20.42	704.39
742	251	30.6	101164	13.54	101176	13.17	91302	83	30.97	1.92	13.55	411.66
743	251	30.5	101174	13.37	101168	13.51	91420	83	30.87	1.82	14.54	514.61
744	250	30.5	101176	13.9	101168	13.46	91103	82	30.93	1.76	14.4	762.82
745	250	30.5	101166	13.33	101176	13.6	91468	83	30.86	1.73	13.78	754.1
746	254	30.5	101165	13.44	101172	13.72	91513	83	30.86	1.76	6.51	972.29
747	250	30.5	101173	13.84	101173	14.17	91627	83	30.82	1.73	5.04	707.16
748	252	30.5	101175	13.57	101165	13.43	91704	83	31.01	1.83	15.48	604.97
749	250	30.5	101174	13.46	101165	14.11	91371	83	30.86	1.87	4.87	860.05
750	249	30.6	101173	14.1	101173	13.47	91226	82	30.94	1.84	20.12	477.03
751	251	30.5	101175	13.44	101170	13.37	91774	83	30.94	1.82	10.3	512.17
752	254	30.5	101174	13.56	101176	13.99	91569	83	30.92	1.76	18.34	953.51
753	250	30.5	101165	13.99	101165	13.97	91252	82	30.89	1.81	14.01	409.11
754	251	30.6	101170	14.11	101176	13.21	91335	83	30.72	1.86	4.52	626.58
755	252	30.6	101169	13.79	101176	13.31	91343	83	31.03	1.86	4.9	445.68
756	252	30.5	101161	14.04	101164	14.16	91918	83	30.86	1.92	10.21	431.73
757	252	30.5	101167	14.17	101176	13.83	91429	83	30.86	1.94	17.6	734.85
758	250	30.4	101164	14.2	101164	14.38	91631	83	31.02	1.83	3.4	1006.01
759	250	30.5	101163	14.4	101166	13.92	91423	83	30.97	1.92	1.85	925.29
760	251	30.6	101167	14.25	101164	13.64	91591	83	30.96	1.79	18.94	628.26
761	253	30.4	101175	13.79	101171	13.97	91930	83	30.77	1.82	4.45	674.11
762	253	30.5	101162	14.8	101165	14.3	91991	83	30.86	1.76	8.73	757.55
763	250	30.5	101169	14.01	101169	13.27	92234	83	31.01	1.88	19.07	592.56
764	256	30.5	101164	14.01	101159	14.27	92183	83	31.01	1.95	8.27	399.64
765	252	30.5	101163	14.05	101161	14.5	91837	83	30.83	1.86	4.38	636.74
766	254	30.5	101166	13.97	101167	13.87	91911	83	30.75	1.84	13.46	1060.88
767	250	30.5	101175	13.35	101169	14.06	92138	83	30.93	1.77	18.51	780.6
768	251	30.5	101174	13.81	101167	14.23	92004	83	30.89	1.73	8.71	422.41
769	251	30.5	101172	13.54	101174	13.32	91823	83	30.85	1.75	15.1	729.59
770	249	30.5	101165	13.95	101165	13.09	91813	83	30.82	1.76	11.06	1058.9
771	250	30.5	101174	14.0	101172	14.48	91258	82	30.77	1.74	6.53	397.19
772	250	30.5	101163	14.12	101168	14.01	91782	83	30.82	1.76	7.17	909.12
773	250	30.6	101167	14.06	101167	13.52	91523	83	30.86	1.73	13.2	438.02
774	253	30.5	101161	14.62	101162	14.22	91380	83	30.88	1.92	9.29	766.25
775	250	30.5	101159	14.23	101163	14.72	91900	83	30.86	1.94	6.97	832.63
776	250	30.4	101165	14.51	101163	13.28	91824	83	30.86	1.72	17.67	1038.19
777	250	30.5	101162	14.07	101159	14.43	91259	82	30.93	1.86	1.56	893.07
778	250	30.5	101164	13.83	101172	14.0	91647	83	30.95	1.94	14.48	770.97
779	250	30.5	101168	13.92	101164	14.35	91730	83	30.88	1.76	16.9	900.12
780	252	30.4	101166	13.96	101167	14.84	91484	83	30.88	1.89	3.82	647.57
781	250	30.4	101174	13.97	101175	12.85	91478	83	30.82	1.92	15.94	588.71
782	253	30.6	101173	14.03	101165	14.16	91815	83	31.01	1.81	7.08	817.74
783	252	30.6	101168	13.37	101169	14.26	91953	83	30.95	1.89	21.15	887.79
784	252	30.6	101175	13.08	101174	13.41	91907	83	30.9	1.82	3.99	590.93
785	250	30.4	101173	13.42	101174	13.28	91670	83	30.83	1.93	9.25	389.97
786	251	30.5	101163	14.41	101164	14.05	91325	83	30.77	1.75	9.3	782.01
787	252	30.5	101167	13.7	101162	14.51	91886	83	30.95	1.88	10.14	509.14
788	251	30.4	101171	14.04	101172	13.56	91415	83	31.05	1.92	2.5	951.16
789	251	30.5	101170	13.08	101176	13.42	91378	83	30.92	1.87	14.66	470.1
790	255	30.5	101174	13.05	101179	13.08	91251	82	30.82	1.96	15.8	859.06
791	256	30.5	101176	12.84	101172	13.49	91248	82	30.94	1.81	4.1	488.99
792	254	30.5	101167	13.95	101164	14.13	91546	83	30.86	1.76	16.94	664.99
793	252	30.6	101174	13.49	101177	13.47	91075	82	30.82	1.87	8.93	1025.06
794	250	30.6	101175	13.87	101175	13.27	91603	83	30.96	1.77	1.46	401.14
795	255	30.5	101166	13.57	101175	13.87	91686	83	30.96	1.79	9.11	764.87
796	254	30.6	101174	13.43	101177	13.07	91202	82	30.87	1.79	15.14	999.0
797	252	30.6	101174	13.48	101175	14.05	91483	83	30.9	1.89	6.93	808.09
798	250	30.5	101169	13.53	101169	13.35	91326	83	30.75	1.82	10.06	654.89
799	251	30.6	101166	13.78	101171	13.82	91690	83	30.83	1.95	12.04	970.72
800	250	30.5	101173	14.11	101177	13.25	90951	82	30.87	1.87	14.0	800.67
801	254	30.5	101176	13.96	101173	14.0	91338	83	31.02	1.72	10.27	952.5
802	250	30.5	101178	13.88	101175	13.5	91084	82	30.91	1.78	6.65	797.63
803	251	30.6	101165	13.43	101176	13.49	91548	83	30.89	1.95	21.0	1035.81
804	252	30.6	101176	14.35	101160	14.35	90975	82	30.87	1.91	3.89	833.02
805	254	30.6	101174	13.96	101173	14.11	91142	82	30.95	1.85	17.03	610.1
806	252	30.6	101176	13.27	101178	13.82	91457	83	30.85	1.91	10.37	545.15
807	250	30.5	101164	13.6	101163	13.53	91455	83	30.79	1.95	14.03	1029.38
808	249	30.5	101173	14.11	101174	14.24	91623	83	30.9	1.75	16.16	607.44
809	250	30.5	101175	13.4	101174	13.47	91363	83	30.98	1.79	17.69	520.41
810	249	30.6	101175	13.28	101165	13.55	91390	83	30.89	1.88	8.13	955.4
811	251	30.6	101174	13.23	101172	13.62	91334	83	30.79	1.88	8.56	911.44
812	250	30.6	101167	13.2	101177	13.2	91602	83	30.82	1.9	2.31	776.31
813	250	30.6	101176	12.93	101175	13.11	91361	83	30.89	1.92	20.97	970.4
814	250	30.5	101177	13.58	101175	13.44	91044	82	30.77	1.91	5.05	737.59
815	250	30.5	101176	13.53	101172	13.46	91519	83	30.82	1.84	9.36	677.93
816	250	30.6	101175	13.56	101168	14.15	91627	83	31.0	1.75	16.46	506.17
817	250	30.4	101177	13.36	101176	13.32	91263	82	30.85	1.92	15.79	591.69
818	251	30.5	101163	14.12	101176	13.5	90935	82	30.91	1.74	6.53	1014.44
819	253	30.6	101167	13.35	101169	13.44	91405	83	30.85	1.85	14.25	766.48
820	250	30.4	101175	13.96	101176	13.45	91327	83	30.94	1.73	19.92	855.49
821	250	30.5	101173	14.31	101174	14.22	91087	82	30.75	1.67	5.69	525.72
822	248	30.4	101161	13.28	101176	13.8	91113	82	30.85	1.74	11.98	743.79
823	247	30.5	101167	14.12	101176	13.57	91022	82	30.91	1.73	35.25	382.21
824	248	30.5	101168	13.56	101172	13.66	91659	83	30.77	1.86	13.04	778.98
825	250	30.5	101179	13.46	101170	13.33	91016	82	30.73	1.76	19.41	766.91
826	250	30.5	101165	13.5	101164	14.37	91487	83	30.96	1.86	9.54	707.42
827	254	30.5	101179	14.3	101173	13.56	90885	82	30.82	1.85	35.22	621.26
828	249	30.5	101167	14.55	101172	13.3	91020	82	30.97	1.67	13.0	678.31
829	251	30.5	101175	13.15	101177	13.91	91231	82	30.86	1.73	18.16	581.18
830	251	30.4	101164	13.36	101171	14.26	90606	82	30.74	1.67	27.61	552.76
831	250	30.5	101179	13.11	101179	12.96	90779	82	30.91	1.86	21.81	772.96
832	250	30.6	101176	12.93	101166	13.52	90920	82	30.85	1.88	5.84	486.91
833	252	30.6	101178	13.02	101176	13.41	90966	82	31.01	1.7	17.07	995.37
834	253	30.5	101166	13.32	101175	13.14	91084	82	31.06	1.7	10.98	742.78
835	250	30.5	101178	13.39	101179	13.07	90884	82	30.96	1.91	4.86	350.19
836	251	30.5	101172	13.3	101174	13.47	90994	82	30.85	1.9	6.09	444.54
837	251	30.5	101176	13.89	101173	13.64	91241	82	31.04	1.89	28.82	979.92
838	250	30.5	101167	13.29	101169	14.24	90795	82	30.82	1.81	16.79	636.48
839	251	30.4	101175	13.85	101177	13.3	90863	82	30.82	1.71	8.67	466.9
840	251	30.5	101170	13.32	101164	14.23	91291	82	30.83	1.76	18.95	802.92
841	253	30.5	101169	13.15	101168	14.05	91271	82	30.82	1.77	17.74	497.24
842	253	30.5	101165	14.19	101164	13.25	91130	82	30.93	1.81	18.28	410.91
843	251	30.5	101167	14.31	101176	14.16	91062	82	30.98	1.8	3.28	446.17
844	253	30.4	101167	14.42	101161	14.42	90875	82	30.77	1.86	6.59	892.39
845	255	30.5	101173	14.2	101169	13.43	90890	82	30.97	2.04	14.36	977.78
846	251	30.6	101167	13.97	101165	14.32	90656	82	31.02	1.84	9.29	939.02
847	254	30.5	101165	13.93	101165	13.48	90851	82	30.77	1.89	20.31	627.51
848	253	30.5	101167	14.21	101159	14.56	91291	82	31.08	1.77	17.98	548.88
849	254	30.5	101163	13.84	101169	13.11	91327	83	30.73	1.72	16.12	843.03
850	257	30.5	101168	13.41	101175	13.43	91199	82	30.86	1.91	18.6	394.18
851	256	30.6	101170	13.42	101170	13.19	91283	82	31.02	1.9	11.42	691.72
852	254	30.5	101173	13.98	101171	14.13	90966	82	30.81	1.73	8.54	826.0
853	257	30.5	101174	14.41	101163	14.5	91303	83	30.81	1.86	7.55	432.96
854	255	30.5	101169	13.9	101169	13.36	91091	82	30.91	1.88	18.7	501.43
855	252	30.5	101167	14.38	101164	14.23	91094	82	31.05	1.89	10.06	413.93
856	254	30.4	101175	13.54	101162	14.17	91133	82	30.83	1.86	22.15	614.67
857	252	30.5	101172	14.19	101175	13.56	90824	82	30.97	1.7	15.67	885.8
858	256	30.5	101173	13.56	101168	14.11	90872	82	30.89	1.8	10.51	618.74
859	255	30.5	101168	13.63	101175	13.95	91133	82	30.86	1.75	3.09	475.07
860	252	30.5	101167	14.03	101171	13.62	91762	83	30.86	1.71	16.84	943.4
861	255	30.5	101176	12.79	101182	12.81	91417	83	30.99	1.71	2.0	1025.58
862	252	30.5	101179	13.52	101180	12.82	91404	83	30.85	1.77	18.13	957.77
863	253	30.5	101175	13.49	101172	13.43	91296	82	30.83	1.7	18.32	433.56
864	251	30.5	101177	13.36	101170	13.99	91343	83	30.82	1.72	27.33	567.27
865	251	30.5	101166	14.01	101165	13.02	91102	82	30.93	1.77	2.27	504.87
866	255	30.5	101172	14.02	101171	13.46	91426	83	30.82	1.87	19.35	421.89
867	255	30.5	101173	14.0	101172	14.55	91416	83	30.79	1.79	25.66	844.98
868	251	30.5	101164	13.6	101166	14.22	91596	83	30.96	1.69	17.05	674.67
869	254	30.5	101170	13.78	101175	13.06	91229	82	30.81	1.88	6.64	388.91
870	252	30.4	101174	13.87	101178	13.92	91059	82	30.76	1.87	23.03	564.94
871	255	30.5	101173	13.65	101167	13.12	90973	82	30.83	1.68	16.53	1031.43
872	252	30.5	101175	13.37	101166	14.37	91103	82	30.86	1.84	10.96	946.84
873	257	30.5	101175	13.87	101170	13.38	91326	83	30.86	1.66	24.33	1020.36
874	255	30.5	101176	13.27	101167	14.25	91391	83	30.77	1.87	9.75	675.42
875	252	30.5	101161	14.25	101166	13.55	91064	82	30.9	1.88	3.87	361.83
876	254	30.6	101167	13.41	101163	14.65	91216	82	31.05	1.78	21.33	488.36
877	252	30.5	101172	13.37	101174	14.08	91120	82	30.82	1.76	6.26	531.49
878	254	30.4	101169	13.86	101180	14.27	90805	82	30.94	1.84	18.83	921.55
879	254	30.5	101175	13.89	101170	14.35	90995	82	30.87	1.83	6.19	492.45
880	255	30.5	101161	14.1	101166	12.96	90818	82	30.89	1.85	20.66	449.97
881	252	30.5	101174	14.23	101160	14.42	89703	81	30.82	1.68	7.06	921.31
882	252	30.6	101173	13.31	101162	14.15	90950	82	30.86	1.78	10.23	701.98
883	250	30.6	101165	14.25	101174	13.89	86814	78	30.71	1.69	35.03	804.39
884	250	30.5	101164	14.13	101175	14.3	86303	78	30.85	1.88	8.86	385.71
885	250	30.5	101162	14.46	101175	13.97	86769	78	30.72	1.8	24.89	589.29
886	251	30.5	101159	14.41	101167	14.61	86975	79	30.87	1.84	7.66	725.83
887	252	30.5	101159	14.5	101167	14.33	86798	78	31.01	1.68	17.54	336.43
888	249	30.4	101162	14.17	101169	14.29	87131	79	30.84	1.92	7.62	932.1
889	251	30.5	101168	14.78	101168	13.93	86749	78	30.89	1.83	12.94	343.01
890	252	30.5	101164	14.48	101163	14.57	87267	79	30.87	1.8	14.67	409.89
891	253	30.6	101168	14.41	101169	14.48	86840	78	30.82	1.92	19.74	672.93
892	252	30.5	101161	14.75	101158	14.28	87089	79	30.86	1.83	7.03	749.07
893	254	30.5	101163	14.18	101161	13.67	87127	79	30.9	1.84	16.45	726.39
894	250	30.6	101167	13.98	101162	14.3	86822	78	31.05	1.68	10.77	508.6
895	250	30.5	101167	13.31	101170	13.23	86878	78	30.99	1.76	5.25	546.05
896	254	30.5	101175	12.75	101167	13.45	86970	79	30.8	1.77	9.56	721.75
897	250	30.4	101173	13.54	101167	13.57	86685	78	30.91	1.68	9.6	746.81
898	251	30.5	101164	13.45	101170	14.56	86996	79	30.77	1.93	11.48	803.33
899	257	30.6	101164	13.58	101165	14.11	87100	79	30.82	1.8	17.16	347.89
900	255	30.6	101163	14.45	101170	13.88	87510	79	30.94	1.91	22.09	349.05
901	249	30.5	101174	13.93	101168	13.12	86851	78	31.17	1.76	7.51	689.06
902	250	30.5	101161	13.68	101161	14.28	87317	79	30.93	1.68	9.22	910.97
903	250	30.5	101163	14.39	101166	14.76	87266	79	31.01	1.7	1.63	636.98
904	252	30.6	101167	14.2	101164	13.36	87280	79	31.0	1.92	9.92	729.25
905	252	30.4	101174	13.9	101169	13.46	87453	79	30.82	1.75	6.45	654.41
906	253	30.6	101166	14.52	101168	14.2	87149	79	30.82	1.76	6.73	388.28
907	252	30.6	101160	14.7	101172	14.21	87492	79	30.84	1.72	1.05	502.87
908	252	30.5	101163	14.57	101168	13.57	87550	79	30.92	1.71	10.29	572.1
909	251	30.5	101174	14.06	101169	13.7	87621	79	31.01	1.82	10.91	788.34
910	254	30.5	101165	13.91	101167	14.02	88261	80	30.92	1.73	11.98	680.52
911	251	30.4	101175	14.07	101172	14.03	88708	80	30.78	1.72	16.43	382.1
912	255	30.5	101175	13.36	101165	14.07	88410	80	30.81	1.85	13.88	471.68
913	252	30.5	101171	13.59	101175	13.56	79995	72	30.98	1.71	10.65	823.84
914	253	30.4	101177	13.56	101167	14.19	88640	80	30.99	1.89	43.9	347.11
915	251	30.5	101169	13.96	101173	14.22	90382	82	30.92	1.7	11.17	389.98
916	249	30.5	101165	13.54	101166	13.96	92365	83	30.79	1.88	81.53	425.06
917	251	30.6	101163	14.16	101170	14.13	97253	88	30.92	1.88	53.78	755.93
918	252	30.5	101174	14.17	101168	13.77	97211	88	30.99	1.73	20.62	486.88
919	253	30.6	101174	14.02	101173	13.58	97022	88	30.77	1.91	20.49	531.94
920	251	30.6	101174	13.93	101174	14.3	96969	88	30.75	1.83	19.25	820.41
921	251	30.5	101166	14.15	101160	13.73	97211	88	30.96	1.83	15.03	715.24
922	251	30.5	101168	13.55	101169	14.05	97393	88	30.94	1.94	20.6	824.68
923	252	30.5	101176	14.29	101162	14.01	97199	88	30.85	1.75	22.47	514.83
924	254	30.5	101169	13.36	101170	13.37	97163	88	30.83	1.85	16.34	842.05
925	253	30.6	101162	14.24	101168	14.27	97383	88	30.81	1.75	12.03	358.02
926	254	30.5	101166	14.08	101164	13.96	97010	88	30.89	1.9	17.13	863.82
927	256	30.5	101167	14.02	101166	14.2	96854	88	30.91	1.77	7.53	804.95
928	250	30.5	101174	14.07	101157	14.89	97160	88	30.96	1.92	14.99	465.39
929	251	30.5	101162	14.74	101161	14.33	97065	88	30.86	1.94	11.96	310.63
930	251	30.5	101170	14.17	101168	14.33	96696	87	30.77	1.74	11.44	443.54
931	250	30.5	101165	14.3	101170	13.92	96697	87	30.77	1.83	18.35	608.6
932	251	30.5	101166	14.46	101161	14.49	96729	87	30.72	1.79	20.38	305.86
933	250	30.5	101162	13.78	101166	13.44	96669	87	30.86	1.8	31.21	349.74
934	251	30.5	101165	13.95	101169	14.62	97028	88	30.82	1.74	13.99	483.02
935	251	30.5	101175	14.35	101165	14.04	96362	87	30.87	1.79	17.92	888.52
936	255	30.6	101168	14.0	101174	14.86	96242	87	31.03	1.72	5.85	621.45
937	251	30.6	101166	13.29	101173	14.11	96221	87	30.93	1.79	17.78	947.11
938	250	30.5	101165	14.45	101165	13.91	96767	87	30.95	1.73	7.55	921.06
939	253	30.4	101167	13.58	101161	14.21	96023	87	30.86	1.8	10.94	396.22
940	251	30.5	101173	14.51	101166	13.27	96173	87	30.95	1.73	31.63	884.82
941	253	30.5	101165	14.25	101166	14.3	96286	87	30.72	1.88	2.58	782.35
942	253	30.5	101163	14.39	101164	14.03	96155	87	31.03	1.73	5.76	382.36
943	251	30.5	101162	13.94	101164	14.6	96060	87	30.92	1.74	8.6	437.35
944	252	30.5	101164	13.88	101158	14.9	95939	87	30.86	1.86	19.73	422.9
945	251	30.5	101164	14.12	101163	14.4	96005	87	30.87	1.69	1.12	333.33
946	251	30.5	101158	14.78	101162	13.93	96087	87	30.99	1.72	5.8	724.72
947	252	30.5	101158	14.95	101174	14.39	96016	87	30.9	1.89	9.42	580.11
948	251	30.5	101168	14.1	101166	13.42	95853	87	30.83	1.88	15.03	858.84
949	253	30.5	101171	13.59	101170	14.92	95661	86	30.99	1.92	13.51	350.61
950	250	30.5	101162	14.02	101167	14.5	96089	87	30.84	1.92	23.71	360.51
951	253	30.5	101167	14.22	101174	13.79	95744	87	30.86	1.8	20.48	842.99
952	256	30.5	101173	14.09	101163	13.57	95535	86	30.86	1.84	17.09	627.83
953	255	30.5	101166	14.48	101163	14.15	95587	86	31.02	1.76	18.34	921.22
954	251	30.5	101164	13.37	101170	13.32	95942	87	30.8	1.85	8.87	400.52
955	253	30.4	101167	13.94	101175	13.37	95745	87	30.79	1.7	6.59	733.19
956	251	30.5	101165	14.02	101168	14.13	95496	86	30.85	1.85	16.66	799.47
957	250	30.6	101175	13.36	101170	13.47	95529	86	30.82	1.77	20.58	894.9
958	250	30.4	101164	14.02	101172	14.28	95613	86	30.84	1.83	8.5	859.05
959	251	30.5	101174	13.22	101178	13.46	95695	86	30.92	1.83	20.78	695.76
960	250	30.6	101174	13.63	101164	14.08	95836	87	30.8	1.83	2.17	594.58
961	250	30.5	101174	14.16	101167	13.5	95419	86	30.84	1.75	1.55	1025.51
962	256	30.5	101169	13.85	101163	13.96	95770	87	30.96	1.73	8.62	915.79
963	253	30.5	101178	13.54	101171	14.16	95744	87	30.86	1.82	20.89	412.5
964	250	30.4	101174	13.46	101166	14.12	95513	86	30.91	1.86	5.7	420.5
965	252	30.6	101167	13.58	101168	13.58	95322	86	30.88	1.84	18.09	637.83
966	252	30.6	101167	14.03	101172	13.7	95322	86	30.9	1.88	22.57	991.83
967	252	30.6	101165	13.7	101167	14.02	95642	86	30.95	1.71	16.27	1023.54
968	251	30.5	101163	13.89	101173	14.34	95177	86	30.9	1.75	17.6	366.28
969	252	30.5	101167	13.35	101163	14.19	95462	86	30.98	1.79	9.86	804.75
970	252	30.5	101162	14.07	101166	14.26	95400	86	30.9	1.67	28.32	973.75
971	252	30.6	101167	14.0	101161	14.69	95931	87	30.94	1.85	16.51	803.23
972	250	30.5	101167	14.06	101165	14.39	95360	86	30.79	1.71	9.05	860.47
973	252	30.4	101165	13.25	101165	14.13	95710	87	30.76	1.79	14.75	775.66
974	249	30.5	101175	13.82	101165	14.0	95574	86	30.93	1.88	18.44	585.79
975	252	30.4	101180	13.75	101176	13.02	95757	87	31.01	1.92	8.31	422.77
976	250	30.5	101167	13.76	101169	14.33	95419	86	31.01	1.72	7.89	378.57
977	251	30.6	101167	13.47	101168	13.48	95340	86	30.97	1.92	3.37	665.68
978	253	30.6	101163	13.95	101163	13.51	95793	87	30.92	1.87	9.94	771.59
979	254	30.5	101160	14.94	101164	13.67	95421	86	30.82	1.72	22.1	665.2
980	250	30.5	101169	13.98	101168	14.12	95710	87	30.94	1.74	10.7	473.56
981	250	30.5	101174	13.45	101177	13.84	95183	86	30.82	1.79	9.64	544.39
982	251	30.5	101173	13.46	101171	13.6	95746	87	30.83	1.86	12.12	659.29
983	248	30.5	101170	13.86	101169	14.02	95724	87	30.68	1.68	20.8	439.17
984	251	30.6	101172	14.35	101165	13.98	95262	86	30.9	1.84	19.68	1006.48
985	249	30.6	101169	14.02	101172	14.27	95102	86	31.14	1.8	13.19	856.33
986	252	30.6	101158	13.59	101166	13.35	95319	86	30.77	1.89	13.29	683.48
987	252	30.5	101167	13.63	101161	14.15	95498	86	30.88	1.78	19.23	587.17
988	252	30.5	101173	13.54	101168	13.9	95249	86	30.77	1.92	18.53	986.81
989	251	30.7	101165	13.69	101172	14.02	95349	86	30.94	1.7	13.04	756.11
990	249	30.7	101164	13.85	101164	14.05	95511	86	30.83	1.81	15.47	378.75
991	252	30.4	101174	13.44	101178	12.84	95029	86	31.05	1.81	6.79	974.43
992	251	30.6	101170	13.26	101175	13.02	95374	86	30.93	1.75	2.76	842.24
993	253	30.5	101176	13.4	101168	13.85	95190	86	30.8	1.81	20.21	875.55
994	250	30.7	101172	13.67	101170	14.21	95268	86	30.96	1.69	20.01	804.96
995	252	30.7	101175	13.95	101168	14.29	95137	86	30.9	1.85	7.77	807.7
996	252	30.7	101174	13.9	101172	13.34	95100	86	30.82	1.72	13.64	810.06
997	252	30.6	101167	14.34	101166	13.31	95374	86	30.82	1.92	9.48	947.06
998	250	30.6	101173	13.42	101168	14.09	95057	86	30.89	1.82	2.59	726.83
999	252	30.5	101174	13.37	101169	14.14	95014	86	30.82	1.7	22.02	517.93
1000	251	30.6	101171	13.35	101174	13.96	95369	86	30.92	1.76	2.97	930.42
