1	205	30.9	101147	15.12	101147	16.17	115194	104	31.22	1.46	6.25	391.62
2	201	30.9	101147	15.35	101154	15.48	114105	103	31.22	1.55	30.45	408.65
3	199	30.9	101150	15.36	101150	15.78	114485	104	31.48	1.4	28.15	546.68
4	215	31.0	101149	15.54	101146	15.46	111628	101	31.27	1.42	36.83	399.88
5	194	31.0	101152	14.96	101145	15.96	113239	102	31.51	1.47	6.29	543.13
6	199	30.9	101142	15.94	101146	15.64	112169	101	31.46	1.42	63.27	507.05
7	201	30.9	101156	15.59	101150	15.56	110765	100	31.4	1.41	41.83	560.29
8	192	31.0	101148	16.39	101146	15.67	113261	102	31.39	1.4	26.98	491.9
9	202	31.1	101149	15.01	101153	15.86	113464	103	31.23	1.49	20.84	523.21
10	202	31.0	101149	15.33	101153	14.79	112792	102	31.44	1.33	10.85	444.39
11	198	31.0	101156	14.97	101156	15.81	110904	100	31.31	1.42	3.32	470.97
12	200	31.1	101147	15.84	101144	15.72	111678	101	31.34	1.42	2.96	502.3
13	201	31.0	101144	15.73	101149	16.19	112297	102	31.5	1.45	8.89	463.14
14	200	31.0	101145	15.78	101148	15.5	111897	101	31.43	1.37	5.78	429.7
15	200	31.0	101144	14.93	101158	15.54	111093	100	31.36	1.36	3.06	469.36
16	198	31.0	101147	15.86	101149	15.59	111042	100	31.4	1.46	10.01	413.09
17	198	30.9	101154	15.68	101145	15.65	109847	99	31.34	1.41	9.31	449.48
18	199	31.0	101147	15.82	101142	15.02	109520	99	31.2	1.32	5.78	388.32
19	196	31.0	101147	15.86	101154	15.88	108587	98	31.37	1.37	9.49	428.59
20	197	31.1	101158	14.84	101150	15.06	111320	101	31.36	1.31	6.29	486.05
21	201	31.0	101149	15.67	101144	15.92	112148	101	31.34	1.44	2.56	404.44
22	202	31.1	101153	16.12	101149	15.83	110790	100	31.37	1.41	8.69	392.98
23	200	30.9	101149	15.38	101149	15.9	109322	99	31.36	1.33	9.22	461.42
24	200	30.9	101143	15.37	101146	16.05	108186	98	31.4	1.39	4.85	504.35
25	199	31.0	101146	15.96	101147	15.91	108753	98	31.22	1.37	6.12	323.25
26	199	31.0	101146	16.06	101145	15.63	108959	99	31.45	1.43	8.15	508.34
27	198	31.1	101146	15.53	101148	14.66	109892	99	31.38	1.42	4.41	369.19
28	199	31.1	101144	15.3	101147	15.96	110529	100	31.35	1.4	2.52	347.96
29	201	30.9	101142	16.43	101141	15.82	110085	100	31.32	1.34	5.57	395.42
30	201	31.0	101142	16.17	101136	16.17	109943	99	31.35	1.4	8.62	427.37
31	202	31.0	101140	16.07	101138	16.82	109796	99	31.46	1.33	7.89	438.29
32	200	30.9	101142	16.18	101142	15.73	109200	99	31.22	1.5	25.61	388.32
33	202	31.0	101144	15.11	101144	15.93	109048	99	31.42	1.38	4.44	323.16
34	200	30.9	101152	15.19	101148	16.24	108692	98	31.33	1.46	3.15	507.96
35	198	31.0	101144	16.07	101140	15.72	108119	98	31.38	1.33	9.08	428.92
36	203	31.1	101151	15.75	101145	15.97	108052	98	31.34	1.46	11.21	327.7
37	202	30.9	101146	16.11	101147	15.98	107838	98	31.22	1.35	7.81	467.45
38	200	31.0	101143	15.57	101146	15.66	107887	98	31.3	1.22	35.94	390.44
39	205	31.0	101144	15.55	101143	16.07	107790	97	31.34	1.38	7.73	472.87
40	202	31.0	101142	16.45	101141	15.57	108043	98	31.29	1.35	1.79	381.82
41	203	31.0	101148	16.08	101137	16.57	107779	97	31.36	1.34	6.32	508.71
42	203	31.0	101145	15.71	101145	15.69	106227	96	31.36	1.47	2.84	360.75
43	201	31.0	101146	15.92	101153	15.93	105604	96	31.43	1.5	7.18	445.32
44	200	31.0	101144	15.76	101146	15.4	106332	96	31.27	1.38	3.91	440.99
45	199	30.9	101141	16.02	101145	16.16	106441	96	31.36	1.47	6.11	409.93
46	201	31.0	101146	16.13	101150	15.82	106395	96	31.51	1.44	6.51	436.82
47	199	30.9	101141	16.01	101157	15.82	107037	97	31.37	1.41	2.69	479.54
48	199	31.0	101155	15.67	101140	16.13	106469	96	31.3	1.34	1.29	510.34
49	202	31.0	101138	16.2	101135	16.32	105920	96	31.26	1.41	8.01	347.13
50	200	31.1	101149	15.36	101150	15.57	106580	96	31.34	1.35	2.02	444.85
51	204	30.9	101141	16.18	101139	15.91	108135	98	31.34	1.5	5.53	344.59
52	199	31.0	101139	15.99	101140	16.38	106175	96	31.41	1.37	1.06	320.36
53	200	31.0	101135	16.53	101134	16.45	102563	93	31.34	1.45	1.56	515.0
54	199	31.0	101141	16.1	101141	16.0	101122	91	31.22	1.43	7.74	331.78
55	200	31.0	101144	15.65	101140	16.41	99385	90	31.3	1.48	8.22	413.59
56	199	31.0	101142	15.8	101144	15.83	97839	88	31.34	1.32	14.18	476.15
57	199	31.1	101144	15.87	101146	15.5	102030	92	31.41	1.39	7.84	419.99
58	200	31.1	101136	16.55	101136	16.15	96087	87	31.42	1.45	3.65	462.84
59	201	31.1	101136	16.58	101143	16.34	97972	89	31.24	1.44	8.81	430.47
60	199	30.9	101136	17.02	101134	16.91	97602	88	31.52	1.48	1.81	520.22
61	199	31.0	101138	16.37	101141	16.18	111692	101	31.3	1.38	8.96	509.77
62	199	30.9	101140	16.34	101140	16.53	111933	101	31.41	1.48	3.85	362.21
63	199	30.9	101138	16.13	101140	16.74	111914	101	31.48	1.43	3.34	400.8
64	199	31.0	101138	16.28	101142	16.03	112394	102	31.4	1.41	8.71	523.47
65	199	31.0	101139	16.19	101146	16.38	112700	102	31.3	1.46	6.05	413.11
66	199	31.0	101138	15.7	101141	15.97	112254	102	31.27	1.33	8.51	427.61
67	199	31.0	101148	15.5	101146	15.87	112039	101	31.29	1.4	5.03	431.17
68	198	31.0	101139	16.23	101137	16.39	112288	102	31.22	1.36	6.18	344.47
69	199	31.0	101139	15.58	101143	16.55	112016	101	31.4	1.35	2.13	470.99
70	200	30.9	101143	16.39	101135	15.82	111820	101	31.27	1.44	1.71	473.62
71	202	31.0	101145	16.12	101140	15.99	111686	101	31.27	1.46	3.87	338.07
72	198	31.0	101146	15.63	101144	15.86	111861	101	31.29	1.49	3.26	384.52
73	199	30.9	101146	16.11	101139	15.98	111447	101	31.43	1.4	1.5	420.06
74	197	31.0	101144	16.15	101145	15.75	111390	101	31.44	1.41	7.74	448.42
75	198	31.0	101147	16.09	101142	16.09	111711	101	31.37	1.49	1.65	379.7
76	199	31.0	101142	15.71	101143	15.84	111433	101	31.29	1.34	3.14	373.28
77	201	31.0	101144	15.47	101145	15.95	111914	101	31.31	1.42	5.51	368.72
78	196	31.0	101138	16.38	101140	16.2	111390	101	31.4	1.41	4.97	477.0
79	196	31.0	101137	16.52	101143	15.71	111878	101	31.37	1.42	4.76	506.53
80	196	30.9	101138	16.21	101141	15.66	111108	101	31.31	1.37	9.08	481.92
81	197	31.0	101144	15.78	101138	16.05	111406	101	31.27	1.39	5.85	375.44
82	198	30.9	101145	16.4	101143	15.9	111687	101	31.38	1.38	3.39	435.1
83	197	31.0	101140	15.82	101145	16.01	111522	101	31.25	1.46	6.34	411.35
84	198	31.2	101138	16.1	101139	16.86	111168	101	31.27	1.38	8.48	375.62
85	196	31.1	101138	16.47	101143	16.24	111160	101	31.22	1.45	9.33	343.29
86	197	31.1	101145	15.87	101148	16.03	111544	101	31.42	1.47	8.03	462.77
87	199	30.9	101141	16.22	101141	16.37	111489	101	31.27	1.49	7.49	467.96
88	198	31.1	101147	16.04	101142	15.78	111135	101	31.13	1.42	4.12	470.43
89	200	31.0	101137	16.4	101144	16.46	111302	101	31.32	1.46	5.11	422.77
90	203	31.1	101139	16.14	101141	15.73	111146	101	31.27	1.48	2.65	355.91
91	197	31.1	101143	16.79	101137	16.3	111483	101	31.41	1.48	2.38	345.27
92	199	31.1	101143	16.27	101138	16.15	111212	101	31.23	1.43	5.81	483.8
93	198	31.1	101141	15.85	101143	15.97	111237	101	31.28	1.33	9.35	387.84
94	197	31.1	101137	16.23	101141	16.14	111176	101	31.32	1.45	2.82	355.26
95	197	31.0	101143	16.32	101142	15.7	110975	100	31.27	1.44	5.73	400.62
96	203	31.1	101147	15.87	101148	15.94	111144	101	31.22	1.46	4.83	372.97
97	201	31.1	101145	16.1	101136	16.14	111241	101	31.36	1.46	7.03	354.24
98	199	31.1	101141	16.57	101139	16.39	110783	100	31.26	1.41	8.08	371.53
99	198	31.1	101138	16.79	101145	16.31	111161	101	31.29	1.44	3.96	377.77
100	199	31.1	101141	16.2	101144	16.03	110841	100	31.41	1.47	4.07	399.97
101	197	31.1	101144	16.15	101141	15.94	110894	100	31.27	1.42	4.93	377.33
102	196	31.2	101136	16.76	101141	16.17	111038	100	31.28	1.45	7.75	352.56
103	197	31.0	101140	16.61	101140	16.59	110852	100	31.27	1.42	7.26	495.05
104	199	31.0	101142	15.98	101145	16.14	111050	100	31.38	1.4	4.59	451.27
105	200	31.1	101139	16.7	101133	16.27	110729	100	31.27	1.46	4.23	536.49
106	198	31.1	101139	16.49	101144	16.25	110786	100	31.26	1.4	1.5	348.7
107	196	31.2	101133	16.02	101145	15.57	111543	101	31.21	1.47	8.59	378.08
108	200	31.1	101140	16.1	101138	15.93	111133	101	31.45	1.45	3.15	484.16
109	197	31.1	101143	15.96	101137	16.64	111663	101	31.5	1.43	9.78	365.29
110	197	31.1	101142	16.42	101137	15.78	111325	101	31.33	1.45	5.05	544.53
111	196	31.0	101137	16.58	101141	15.59	111396	101	31.25	1.43	6.54	540.93
112	198	31.1	101140	16.38	101140	15.92	111371	101	31.31	1.44	2.79	397.28
113	198	31.0	101138	15.77	101142	16.43	111130	101	31.24	1.46	9.18	420.46
114	198	31.1	101142	16.31	101140	16.04	111354	101	31.45	1.43	8.46	358.6
115	198	31.1	101136	15.75	101145	16.16	111386	101	31.3	1.41	8.42	499.73
116	199	31.1	101139	16.35	101140	16.55	111017	100	31.41	1.43	6.73	393.98
117	201	31.1	101142	15.79	101141	16.35	111047	100	31.32	1.37	3.83	533.04
118	200	31.1	101148	16.1	101142	15.78	110854	100	31.45	1.47	8.81	429.2
119	198	31.0	101143	16.04	101142	16.14	111180	101	31.25	1.39	7.55	444.26
120	199	31.1	101143	16.22	101149	15.97	110676	100	31.41	1.33	3.61	425.58
121	198	31.1	101141	16.57	101141	16.12	110915	100	31.27	1.34	3.07	495.59
122	200	31.2	101139	16.37	101141	15.6	110845	100	31.22	1.42	2.88	367.79
123	198	31.0	101145	16.44	101143	15.43	110602	100	31.27	1.42	8.97	470.83
124	200	31.2	101147	16.73	101137	16.48	110666	100	31.23	1.39	5.7	398.16
125	199	31.1	101135	16.61	101138	16.44	110835	100	31.35	1.48	2.65	466.24
126	201	31.2	101138	16.67	101139	16.03	110762	100	31.41	1.42	6.41	498.37
127	200	31.1	101143	16.37	101148	16.1	110631	100	31.22	1.47	2.85	464.59
128	198	31.2	101140	16.07	101136	15.96	111002	100	31.45	1.38	6.31	472.78
129	200	31.1	101143	16.48	101141	16.47	110536	100	31.48	1.46	1.15	354.97
130	198	31.1	101137	16.56	101146	15.59	110744	100	31.54	1.35	1.88	465.29
131	198	31.1	101140	16.08	101143	16.26	110654	100	31.32	1.38	6.1	442.47
132	198	31.1	101145	15.66	101149	15.1	110452	100	31.37	1.42	4.37	381.53
133	198	31.1	101141	15.88	101139	16.17	110722	100	31.43	1.47	8.12	544.62
134	201	31.1	101143	15.91	101142	16.14	110497	100	31.37	1.43	8.14	494.86
135	200	31.2	101142	15.54	101143	15.97	110031	100	31.47	1.35	8.7	472.08
136	198	31.1	101144	15.73	101148	15.44	110304	100	31.24	1.45	7.57	463.19
137	200	31.1	101149	15.34	101149	15.66	110343	100	31.35	1.41	6.56	435.32
138	199	31.1	101142	16.08	101145	15.86	110684	100	31.22	1.37	3.73	448.54
139	198	31.1	101148	16.03	101137	16.51	110170	100	31.43	1.47	7.83	515.73
140	199	31.2	101146	16.02	101146	16.69	110229	100	31.19	1.44	5.56	377.84
141	199	31.1	101141	16.04	101145	15.92	110526	100	31.31	1.41	2.7	474.74
142	199	31.1	101143	15.82	101145	16.25	110311	100	31.36	1.43	2.5	451.92
143	202	31.1	101138	16.25	101139	15.61	110217	100	31.4	1.49	4.88	376.01
144	198	31.1	101143	15.79	101145	16.43	110123	100	31.45	1.33	7.15	392.7
145	198	31.1	101144	15.73	101141	16.19	110483	100	31.31	1.47	17.37	522.4
146	204	31.1	101147	16.32	101140	15.81	110167	100	31.36	1.34	6.74	446.71
147	200	31.1	101147	15.62	101142	15.65	110380	100	31.49	1.49	2.75	456.99
148	198	31.1	101139	16.39	101142	16.16	110403	100	31.32	1.34	2.76	505.01
149	197	31.1	101141	16.2	101133	16.67	110432	100	31.39	1.34	8.24	463.05
150	199	31.1	101140	16.35	101142	16.06	110436	100	31.37	1.47	1.54	385.33
151	199	31.1	101147	15.8	101144	15.59	110115	100	31.41	1.42	8.76	440.47
152	197	31.1	101145	16.02	101142	16.27	109821	99	31.29	1.41	3.83	364.46
153	200	31.1	101144	15.66	101144	15.96	109854	99	31.34	1.44	7.86	430.78
154	198	31.1	101140	16.02	101150	15.69	110194	100	31.31	1.46	8.34	504.93
155	198	31.1	101137	16.35	101141	16.43	109764	99	31.37	1.43	5.52	518.97
156	200	31.1	101141	16.11	101144	16.32	110094	100	31.26	1.49	2.61	396.09
157	201	31.1	101144	16.09	101145	16.09	110354	100	31.37	1.47	5.35	433.11
158	198	31.1	101137	15.95	101142	15.84	109894	99	31.36	1.37	2.28	463.0
159	200	31.0	101139	16.64	101142	16.19	109603	99	31.27	1.44	2.4	473.08
160	198	31.1	101150	16.67	101138	15.73	109842	99	31.35	1.35	0.74	380.27
161	198	31.1	101145	16.07	101137	15.92	110101	100	31.3	1.48	2.43	388.36
162	199	31.2	101147	16.12	101158	15.21	110369	100	31.34	1.38	7.64	388.42
163	202	31.0	101144	15.76	101142	15.88	109649	99	31.37	1.44	7.65	488.44
164	198	31.1	101142	16.09	101137	15.91	109971	99	31.23	1.39	3.59	462.6
165	200	31.2	101142	15.77	101142	16.13	109765	99	31.36	1.36	2.26	473.52
166	202	31.1	101140	15.86	101140	15.6	110113	100	31.24	1.45	4.19	529.59
167	200	31.0	101146	15.94	101143	16.26	109480	99	31.26	1.46	8.4	539.58
168	197	31.1	101143	16.03	101148	15.67	109751	99	31.45	1.49	7.3	442.66
169	198	31.1	101147	15.94	101146	15.94	109643	99	31.22	1.46	2.76	473.76
170	200	31.1	101143	16.09	101144	15.92	110147	100	31.27	1.47	7.72	454.86
171	200	31.1	101143	16.03	101141	15.9	109809	99	31.33	1.39	8.39	468.9
172	206	31.1	101145	15.74	101138	16.37	110061	100	31.22	1.37	1.59	481.04
173	199	31.1	101144	16.03	101148	15.55	110138	100	31.4	1.4	6.08	502.17
174	201	31.0	101136	16.05	101135	16.6	110203	100	31.43	1.37	3.06	474.27
175	198	31.1	101138	15.89	101144	15.96	109969	99	31.22	1.36	5.86	504.44
176	198	31.1	101141	15.85	101147	16.11	109976	99	31.33	1.41	10.69	356.54
177	199	31.1	101142	16.01	101142	15.97	109971	99	31.25	1.37	3.15	356.57
178	196	31.1	101143	16.11	101143	15.76	109855	99	31.22	1.48	2.18	477.68
179	198	31.1	101149	15.5	101146	14.99	109534	99	31.35	1.36	3.89	548.55
180	197	31.1	101146	15.83	101145	16.07	109717	99	31.27	1.49	5.93	492.49
181	199	31.1	101142	15.55	101139	15.65	109907	99	31.16	1.41	4.8	437.55
182	200	31.1	101147	16.04	101146	15.78	110202	100	31.3	1.35	2.31	490.57
183	198	31.1	101141	16.29	101144	16.03	109463	99	31.3	1.44	3.15	480.53
184	198	31.1	101138	16.02	101144	15.84	109733	99	31.38	1.38	1.27	432.77
185	200	31.1	101147	15.38	101143	15.53	109577	99	31.31	1.4	12.06	394.26
186	197	31.0	101146	16.24	101144	16.09	110148	100	31.36	1.43	4.61	494.21
187	197	31.0	101137	15.84	101142	16.35	109504	99	31.22	1.48	4.13	487.27
188	196	31.1	101148	15.59	101146	15.98	109741	99	31.36	1.46	8.08	453.32
189	196	31.1	101148	15.91	101138	16.31	109580	99	31.37	1.44	2.84	414.09
190	198	31.1	101142	15.83	101148	15.84	109609	99	31.26	1.47	1.73	519.33
191	197	31.2	101136	16.29	101131	16.57	109147	99	31.28	1.36	2.78	367.62
192	199	31.1	101139	16.37	101137	16.25	109822	99	31.25	1.43	1.33	543.73
193	197	31.2	101146	16.23	101150	15.92	109895	99	31.22	1.36	6.18	422.71
194	197	31.1	101144	15.82	101150	15.58	109685	99	31.27	1.4	5.85	395.87
195	200	31.1	101145	15.88	101156	15.44	109517	99	31.48	1.36	3.11	507.8
196	199	31.1	101143	15.54	101146	16.0	109940	99	31.47	1.36	4.86	474.85
197	200	31.1	101146	16.07	101149	16.31	109557	99	31.37	1.36	8.42	493.72
198	198	31.1	101141	16.8	101142	16.21	109637	99	31.14	1.36	4.77	359.91
199	196	31.0	101149	15.87	101143	16.35	109356	99	31.31	1.38	5.12	434.0
200	199	31.1	101141	16.55	101143	15.93	109620	99	31.3	1.39	1.25	357.17
201	197	31.1	101142	16.43	101145	15.58	109893	99	31.31	1.37	9.28	356.97
202	197	31.2	101146	15.43	101150	15.57	109724	99	31.33	1.43	2.27	538.05
203	199	31.0	101146	16.27	101141	15.3	109392	99	31.3	1.5	7.43	487.27
204	198	31.1	101141	15.52	101138	16.08	109657	99	31.35	1.38	7.43	443.18
205	200	31.1	101154	15.74	101139	16.3	109998	99	31.24	1.47	5.65	424.27
206	196	31.2	101133	16.58	101143	15.92	109964	99	31.29	1.48	3.36	404.21
207	197	31.1	101142	15.07	101149	15.55	109499	99	31.27	1.48	5.42	519.36
208	198	31.0	101145	15.67	101153	15.74	109882	99	31.22	1.37	3.47	502.56
209	196	31.0	101146	16.05	101146	16.22	109798	99	31.3	1.42	1.86	539.63
210	197	31.1	101136	16.08	101145	15.98	109482	99	31.38	1.43	6.15	525.67
211	200	31.1	101139	16.52	101136	16.94	109478	99	31.18	1.41	6.84	401.59
212	196	31.1	101144	16.58	101138	16.04	109454	99	31.39	1.46	9.03	417.99
213	199	31.1	101140	15.95	101139	16.23	109794	99	31.4	1.39	6.12	531.08
214	199	31.1	101141	16.34	101148	15.32	109354	99	31.22	1.41	8.92	494.04
215	196	31.1	101143	16.01	101141	16.31	109323	99	31.29	1.44	5.44	489.1
216	197	31.1	101144	15.66	101146	15.39	109773	99	31.22	1.46	2.23	441.04
217	198	31.0	101148	16.51	101140	16.5	109842	99	31.34	1.36	6.14	520.92
218	197	31.2	101140	15.87	101136	16.45	109153	99	31.41	1.44	8.27	390.02
219	199	31.1	101132	16.67	101147	15.59	109364	99	31.32	1.42	6.72	550.15
220	198	31.1	101144	16.44	101142	16.25	109340	99	31.41	1.43	8.23	377.05
221	197	31.1	101139	16.45	101138	16.5	109621	99	31.33	1.43	1.69	536.29
222	200	31.0	101144	15.98	101146	16.66	109344	99	31.37	1.45	9.55	434.16
223	198	31.1	101140	15.88	101138	16.39	109384	99	31.46	1.4	7.64	369.24
224	201	31.2	101140	16.47	101133	16.72	109269	99	31.38	1.39	6.15	543.37
225	199	31.1	101139	16.77	101140	16.52	109603	99	31.38	1.38	7.05	383.24
226	199	31.2	101132	16.43	101137	16.43	109437	99	31.22	1.38	7.45	549.35
227	197	31.1	101136	16.39	101138	16.22	109306	99	31.3	1.45	8.52	487.41
228	197	31.1	101137	15.77	101143	16.25	109455	99	31.25	1.41	4.5	367.46
229	198	31.1	101143	16.07	101142	16.22	109244	99	31.19	1.48	7.0	481.42
230	198	31.1	101149	16.17	101149	16.24	108857	98	31.38	1.43	6.3	431.56
231	200	31.1	101136	16.21	101147	16.21	109132	99	31.45	1.44	7.84	462.45
232	196	31.1	101139	15.95	101145	16.29	109214	99	31.32	1.44	3.55	459.46
233	196	31.1	101139	16.41	101140	15.73	109352	99	31.32	1.44	8.39	529.5
234	200	31.1	101141	16.11	101135	16.21	109304	99	31.24	1.46	7.92	485.55
235	196	31.0	101146	15.68	101140	15.89	109524	99	31.36	1.47	6.69	452.37
236	199	31.1	101139	16.18	101142	15.9	109998	99	31.29	1.43	6.97	404.33
237	197	31.2	101141	16.2	101136	16.13	110614	100	31.36	1.47	3.06	539.17
238	199	31.1	101137	17.08	101129	16.34	111472	101	31.44	1.4	2.23	525.07
239	197	31.0	101139	16.56	101137	16.58	111522	101	31.22	1.41	4.08	358.96
240	198	31.1	101142	16.26	101133	15.99	111906	101	31.41	1.36	2.98	537.25
241	199	31.1	101134	16.54	101132	16.36	111437	101	31.27	1.36	2.63	518.65
242	197	31.1	101135	16.78	101136	16.52	111349	101	31.23	1.49	6.97	500.62
243	200	31.0	101139	16.17	101142	16.51	111535	101	31.23	1.36	9.67	398.51
244	199	31.1	101136	16.69	101138	15.98	111015	100	31.41	1.45	2.94	507.48
245	197	31.1	101136	16.02	101137	16.04	109364	99	31.29	1.46	11.39	389.14
246	197	31.1	101135	16.3	101140	16.47	107980	98	31.49	1.35	4.66	534.88
247	197	31.2	101134	16.28	101132	16.57	105933	96	31.45	1.49	6.68	443.82
248	199	31.1	101133	16.62	101134	16.89	104196	94	31.32	1.48	4.51	385.83
249	197	31.1	101139	16.22	101141	16.52	103952	94	31.18	1.44	7.81	371.89
250	198	31.1	101131	16.93	101138	16.84	107835	98	31.41	1.4	7.97	482.99
251	200	31.1	101139	16.44	101137	16.83	105802	96	31.4	1.43	6.75	540.83
252	199	31.1	101144	15.85	101137	16.24	106727	97	31.27	1.45	6.54	542.89
253	197	31.2	101136	16.38	101140	16.44	107242	97	31.37	1.41	8.31	487.92
254	198	31.1	101139	16.58	101141	16.39	106982	97	31.26	1.4	1.25	440.86
255	196	31.1	101138	16.02	101143	16.04	107898	98	31.41	1.44	4.3	498.0
256	196	31.1	101138	16.21	101140	16.04	108668	98	31.34	1.37	4.81	502.15
257	196	31.1	101137	16.72	101140	16.15	108773	98	31.38	1.37	6.82	447.19
258	196	31.1	101137	16.65	101127	16.73	107993	98	31.24	1.43	8.23	537.19
259	196	31.1	101143	16.25	101141	16.49	108221	98	31.31	1.49	8.24	439.18
260	198	31.2	101139	16.72	101136	16.03	108001	98	31.49	1.44	8.26	518.13
261	198	31.1	101144	15.93	101141	16.33	108050	98	31.27	1.34	0.63	429.23
262	198	31.1	101135	16.81	101139	16.59	107424	97	31.44	1.36	7.0	425.16
263	196	31.1	101136	16.46	101132	16.49	107719	97	31.36	1.35	1.56	396.25
264	199	31.1	101128	17.03	101137	16.05	107474	97	31.23	1.45	9.01	479.31
265	195	31.1	101140	16.24	101137	16.08	107891	98	31.32	1.4	8.43	536.36
266	195	31.1	101136	16.02	101137	16.56	107628	97	31.26	1.44	7.86	363.27
267	197	31.1	101142	15.84	101141	16.16	107268	97	31.3	1.46	5.62	417.37
268	195	31.2	101145	16.59	101141	15.97	107559	97	31.25	1.44	7.86	415.32
269	196	31.1	101140	16.17	101135	16.63	107357	97	31.39	1.47	6.5	435.29
270	196	31.1	101139	16.44	101140	16.16	107625	97	31.33	1.5	0.8	433.32
271	199	31.1	101141	16.64	101140	16.36	107446	97	31.46	1.48	4.72	428.33
272	198	31.0	101143	16.1	101144	15.88	107091	97	31.28	1.43	3.2	523.08
273	198	31.2	101142	16.09	101138	16.71	107467	97	31.39	1.39	6.97	551.14
274	200	31.2	101138	16.43	101138	16.27	108026	98	31.31	1.49	15.28	404.68
275	198	31.1	101133	16.59	101140	16.67	107342	97	31.35	1.33	10.89	364.28
276	201	31.1	101143	16.79	101143	16.21	106861	97	31.43	1.39	38.14	451.68
277	202	31.0	101140	15.87	101143	16.17	108473	98	31.43	1.39	10.77	469.21
278	201	31.1	101138	16.46	101141	16.26	108704	98	31.35	1.28	28.83	375.69
279	198	31.0	101137	16.68	101140	16.49	107597	97	31.22	1.49	8.16	469.93
280	200	31.0	101148	15.79	101142	16.18	107005	97	31.35	1.43	30.66	478.82
281	201	31.1	101145	16.77	101142	16.74	107518	97	31.16	1.45	15.12	520.06
282	199	31.2	101145	16.11	101149	15.88	108239	98	31.41	1.44	9.82	510.97
283	198	31.1	101137	16.51	101133	16.39	108153	98	31.24	1.36	7.42	473.21
284	203	31.1	101136	16.98	101134	16.03	108312	98	31.4	1.42	9.14	412.59
285	198	31.0	101140	16.44	101137	16.53	108051	98	31.38	1.42	13.39	537.96
286	199	31.1	101131	16.76	101133	16.48	107455	97	31.41	1.46	17.22	487.59
287	198	31.0	101146	16.33	101134	16.41	108130	98	31.32	1.4	20.44	453.19
288	197	31.0	101140	16.36	101135	16.13	106834	97	31.5	1.48	9.66	406.59
289	197	31.1	101141	16.58	101141	16.29	107707	97	31.42	1.46	8.57	410.48
290	196	31.1	101145	16.28	101140	15.85	108252	98	31.27	1.47	11.31	438.21
291	202	31.0	101139	17.05	101132	16.79	105490	95	31.22	1.28	27.53	372.92
292	197	31.1	101137	16.34	101137	15.97	107005	97	31.27	1.47	8.64	393.19
293	196	31.2	101134	16.1	101141	16.39	107521	97	31.5	1.45	9.19	446.35
294	196	31.0	101142	16.06	101138	16.78	107677	97	31.34	1.39	10.18	498.52
295	196	31.1	101136	16.18	101140	16.39	108017	98	31.21	1.39	5.82	407.58
296	192	31.1	101141	16.36	101135	16.28	108230	98	31.27	1.51	11.08	451.89
297	194	31.0	101142	16.21	101139	16.0	107620	97	31.33	1.41	9.19	462.09
298	192	31.1	101143	16.2	101139	16.08	108490	98	31.22	1.48	8.95	455.33
299	192	31.1	101144	16.4	101140	16.46	108643	98	31.3	1.5	4.77	425.43
300	193	31.1	101142	16.25	101141	16.6	108451	98	31.27	1.4	4.95	495.67
301	194	31.1	101136	16.97	101136	16.55	107993	98	31.22	1.54	11.19	436.88
302	196	31.2	101137	17.11	101132	16.74	108152	98	31.22	1.45	4.52	483.92
303	191	31.1	101132	16.56	101147	15.86	108052	98	31.24	1.46	3.29	537.32
304	193	31.1	101144	16.6	101136	16.11	108068	98	31.31	1.43	11.7	357.67
305	192	31.1	101136	16.87	101140	16.5	107983	98	31.4	1.39	7.94	507.88
306	191	31.1	101136	16.3	101143	16.6	108284	98	31.22	1.43	5.66	535.97
307	192	31.0	101136	16.2	101137	16.69	108213	98	31.26	1.43	5.23	419.96
308	194	31.1	101144	16.02	101143	16.26	107308	97	31.27	1.41	8.55	463.55
309	194	31.1	101140	15.95	101140	16.01	108059	98	31.43	1.44	33.0	527.69
310	176	31.1	101137	16.14	101138	16.54	108633	98	31.31	1.39	22.53	509.93
311	174	31.1	101137	16.75	101138	16.33	108020	98	31.34	1.44	24.94	515.5
312	189	31.2	101141	16.39	101138	15.98	108305	98	31.32	1.49	8.56	363.21
313	177	31.1	101136	16.8	101135	17.1	108679	98	31.22	1.45	4.69	370.26
314	178	31.1	101133	16.44	101135	16.63	108303	98	31.25	1.4	19.93	521.38
315	181	31.1	101139	15.34	101144	15.65	107671	97	31.3	1.35	37.25	467.61
316	180	31.1	101141	16.74	101140	16.06	107685	97	31.27	1.48	16.08	410.16
317	180	31.1	101135	15.84	101143	15.96	106699	96	31.32	1.54	7.98	367.69
318	178	31.1	101136	16.23	101140	16.26	107641	97	31.35	1.42	1.78	384.03
319	177	31.2	101140	16.95	101137	16.75	107750	97	31.41	1.44	7.89	475.16
320	179	31.1	101137	16.1	101140	16.29	107615	97	31.22	1.49	4.01	501.51
321	179	31.1	101147	16.36	101137	15.81	107541	97	31.28	1.41	5.19	476.81
322	177	31.1	101134	16.33	101144	16.88	107639	97	31.36	1.44	2.31	371.04
323	180	31.1	101136	16.37	101144	16.33	107601	97	31.35	1.4	7.5	409.26
324	183	31.1	101139	16.79	101139	16.57	106944	97	31.3	1.39	5.99	393.74
325	180	31.1	101134	16.98	101134	16.48	107166	97	31.39	1.42	6.65	523.05
326	179	31.2	101134	16.1	101137	16.4	107401	97	31.26	1.48	9.89	399.14
327	181	31.1	101135	16.85	101132	17.12	107182	97	31.27	1.43	2.46	484.32
328	175	31.1	101131	16.12	101140	16.65	107020	97	31.41	1.42	6.76	384.66
329	175	31.1	101140	16.93	101137	16.18	106883	97	31.42	1.41	3.18	504.17
330	175	31.1	101138	17.14	101129	16.39	107657	97	31.3	1.47	17.62	424.05
331	180	31.1	101144	16.37	101138	16.86	106658	96	31.27	1.38	8.66	536.38
332	176	31.1	101137	16.4	101142	16.47	106943	97	31.32	1.37	21.13	463.65
333	176	31.2	101136	16.59	101132	16.51	107046	97	31.22	1.5	8.74	352.01
334	176	31.1	101137	16.57	101134	16.44	106795	97	31.27	1.44	18.1	446.7
335	173	31.1	101142	16.37	101138	16.33	107120	97	31.35	1.41	9.31	522.1
336	174	31.1	101138	16.37	101138	17.14	107585	97	31.22	1.49	7.55	539.47
337	173	31.0	101139	16.93	101133	16.34	107289	97	31.27	1.47	6.5	363.98
338	177	31.2	101140	16.43	101134	16.46	107517	97	31.25	1.44	27.84	416.31
339	179	31.2	101131	16.6	101139	16.61	107474	97	31.32	1.47	6.15	482.43
340	177	31.1	101138	16.3	101138	16.7	107396	97	31.45	1.58	15.52	505.8
341	179	31.2	101142	15.97	101136	15.56	107470	97	31.47	1.37	5.26	472.0
342	178	31.1	101140	15.75	101142	15.73	107537	97	31.32	1.45	6.07	497.3
343	183	31.1	101141	15.77	101142	16.29	108235	98	31.22	1.43	4.79	507.48
344	180	31.0	101140	15.83	101146	15.98	107149	97	31.48	1.49	2.91	413.71
345	177	31.0	101143	15.66	101147	16.05	107256	97	31.34	1.49	3.89	542.92
346	178	31.2	101138	16.26	101141	16.18	107689	97	31.39	1.39	3.16	422.09
347	174	31.1	101141	16.48	101143	16.57	107706	97	31.45	1.41	1.42	450.15
348	175	31.1	101135	16.38	101134	16.52	107224	97	31.31	1.4	4.43	440.41
349	173	31.1	101129	16.89	101136	16.48	107722	97	31.35	1.46	8.9	464.51
350	172	31.1	101133	16.55	101139	16.55	107637	97	31.4	1.5	5.4	400.77
351	175	31.2	101134	16.61	101134	16.46	107186	97	31.34	1.42	9.35	395.99
352	174	31.1	101138	16.07	101138	16.08	107398	97	31.43	1.48	4.72	349.22
353	176	31.1	101140	16.4	101143	16.58	108033	98	31.41	1.45	7.56	434.32
354	179	31.1	101131	16.36	101132	16.81	107677	97	31.32	1.43	5.45	495.43
355	180	31.1	101143	16.26	101139	16.15	107412	97	31.32	1.42	6.29	520.51
356	180	31.1	101137	16.73	101132	16.62	107699	97	31.4	1.45	3.13	459.82
357	177	31.1	101137	16.45	101137	16.86	108052	98	31.37	1.42	5.59	409.04
358	177	31.2	101135	16.65	101135	16.47	107851	98	31.48	1.5	2.77	496.22
359	176	31.1	101137	16.51	101136	16.47	107605	97	31.32	1.46	4.13	491.35
360	179	31.1	101140	16.36	101135	16.77	107637	97	31.5	1.44	6.89	530.48
361	179	31.1	101130	16.69	101136	16.63	108353	98	31.16	1.4	1.3	420.54
362	176	31.1	101137	16.24	101139	15.99	108199	98	31.21	1.42	4.67	537.65
363	176	31.2	101140	16.39	101145	15.52	107582	97	31.49	1.45	8.59	533.84
364	183	31.1	101147	16.22	101140	16.24	108053	98	31.32	1.47	2.48	398.03
365	176	31.1	101144	16.33	101144	16.78	108268	98	31.28	1.38	9.22	525.18
366	177	31.1	101140	16.22	101134	17.01	108174	98	31.31	1.43	2.04	455.4
367	177	31.1	101140	16.39	101138	16.22	108099	98	31.42	1.45	6.58	545.5
368	180	31.1	101142	15.73	101138	16.18	108032	98	31.39	1.54	1.78	425.63
369	175	31.0	101143	16.79	101133	16.69	108033	98	31.35	1.53	1.52	460.82
370	175	31.1	101142	16.81	101136	16.53	108481	98	31.25	1.48	7.93	393.94
371	175	31.1	101140	16.85	101135	16.4	107729	97	31.51	1.45	8.47	498.14
372	181	31.1	101143	16.43	101142	16.33	108009	98	31.38	1.43	9.63	496.29
373	177	31.1	101145	15.61	101140	16.0	108067	98	31.45	1.48	2.75	531.46
374	175	31.1	101136	16.2	101139	16.91	108433	98	31.35	1.48	3.44	481.58
375	178	31.1	101140	16.7	101134	16.42	108092	98	31.36	1.5	6.19	447.79
376	177	31.2	101134	15.98	101142	16.27	108349	98	31.27	1.5	3.73	520.91
377	175	31.1	101141	16.82	101143	16.54	108609	98	31.37	1.46	4.49	386.09
378	175	31.1	101138	16.7	101136	16.72	108283	98	31.28	1.4	9.22	447.71
379	179	31.1	101133	16.7	101142	16.68	108213	98	31.34	1.39	3.06	528.04
380	178	31.1	101130	16.85	101134	16.79	108454	98	31.34	1.46	23.01	552.83
381	175	31.1	101131	16.85	101140	16.61	107856	98	31.39	1.39	14.53	361.07
382	179	31.1	101139	16.29	101139	16.81	107721	97	31.29	1.46	5.14	518.17
383	182	31.1	101140	15.93	101142	16.22	108001	98	31.22	1.43	13.2	508.1
384	183	31.0	101143	16.03	101142	16.37	108504	98	31.35	1.38	4.76	509.05
385	187	31.0	101139	15.82	101143	16.69	107499	97	31.43	1.42	13.48	399.94
386	186	31.1	101137	16.54	101135	16.73	107592	97	31.4	1.33	10.34	360.33
387	193	31.1	101131	16.78	101131	16.22	107301	97	31.43	1.47	12.54	436.92
388	188	31.0	101133	16.3	101132	16.97	108134	98	31.27	1.37	3.02	441.32
389	188	31.1	101132	16.69	101132	16.79	108048	98	31.33	1.42	4.74	433.61
390	189	31.2	101138	16.35	101137	16.5	108507	98	31.22	1.41	9.79	485.35
391	190	31.1	101135	16.19	101136	16.84	108720	98	31.31	1.37	15.71	524.4
392	193	31.2	101130	16.38	101135	16.86	107863	98	31.29	1.49	9.17	370.23
393	192	31.1	101134	16.8	101132	16.76	108041	98	31.22	1.41	7.08	365.33
394	193	31.1	101134	16.39	101137	16.18	108763	98	31.2	1.37	4.78	423.2
395	193	31.2	101131	16.45	101134	16.71	108264	98	31.37	1.4	10.21	425.98
396	195	31.2	101137	16.38	101140	15.97	107908	98	31.35	1.38	11.2	508.17
397	186	31.1	101142	15.67	101147	16.13	107743	97	31.41	1.35	11.88	381.52
398	185	31.0	101144	15.13	101145	15.94	108126	98	31.24	1.44	1.36	386.54
399	185	31.0	101140	15.77	101148	15.63	107950	98	31.38	1.52	5.62	453.05
400	188	31.1	101145	15.94	101149	15.89	108435	98	31.31	1.52	6.58	547.2
401	186	31.1	101138	15.73	101144	15.85	108389	98	31.38	1.35	13.4	483.23
402	189	31.2	101146	15.85	101135	16.19	107890	98	31.47	1.52	6.8	415.61
403	191	31.1	101140	16.51	101141	16.54	108321	98	31.37	1.44	7.58	373.25
404	195	31.1	101143	16.13	101141	16.14	108599	98	31.31	1.46	8.24	410.06
405	196	31.0	101141	15.93	101141	16.41	108387	98	31.33	1.4	8.23	496.76
406	197	31.1	101142	16.09	101143	16.35	108257	98	31.45	1.42	3.61	365.98
407	191	31.1	101144	15.87	101141	16.17	108565	98	31.42	1.38	3.71	525.58
408	194	31.1	101142	16.21	101149	15.54	108367	98	31.27	1.51	15.62	539.77
409	193	31.1	101140	16.14	101141	16.13	108046	98	31.43	1.53	34.01	542.91
410	190	31.1	101139	16.61	101138	16.46	108569	98	31.32	1.43	3.37	396.13
411	191	31.0	101144	16.15	101141	15.86	108498	98	31.4	1.38	9.12	467.1
412	195	31.1	101142	15.83	101144	16.15	108262	98	31.27	1.41	11.35	421.74
413	190	31.1	101135	16.54	101142	16.58	108052	98	31.43	1.4	7.62	477.6
414	192	31.1	101143	16.52	101143	15.98	108428	98	31.42	1.39	4.66	477.96
415	182	31.1	101143	15.98	101141	16.07	108448	98	31.27	1.41	6.22	432.08
416	178	31.1	101141	16.36	101142	16.11	108124	98	31.4	1.52	3.04	507.22
417	177	31.1	101136	16.24	101136	16.38	108190	98	31.32	1.52	4.95	372.69
418	177	31.1	101137	16.53	101142	16.32	108089	98	31.32	1.47	8.95	507.63
419	173	31.1	101141	15.82	101146	15.65	107903	98	31.48	1.4	8.22	396.8
420	175	31.1	101143	16.35	101142	15.98	107655	97	31.22	1.51	6.44	409.66
421	175	31.1	101139	16.43	101142	16.0	108074	98	31.32	1.5	5.8	514.6
422	177	31.2	101145	16.39	101143	16.37	107667	97	31.36	1.47	6.77	371.72
423	177	31.2	101147	15.91	101137	16.39	108192	98	31.31	1.47	2.84	445.76
424	174	31.0	101142	15.59	101138	16.48	107296	97	31.4	1.39	4.59	432.98
425	182	31.1	101139	15.93	101137	16.02	107337	97	31.33	1.43	2.91	383.94
426	175	31.1	101143	16.2	101136	16.23	107555	97	31.47	1.51	7.2	375.86
427	171	31.2	101141	16.04	101144	16.01	107690	97	31.36	1.48	8.08	382.85
428	174	31.1	101143	16.18	101145	16.29	107316	97	31.27	1.43	8.43	545.81
429	175	31.2	101140	16.19	101139	15.91	107078	97	31.39	1.36	5.39	359.74
430	170	31.1	101142	16.09	101140	15.8	107486	97	31.4	1.5	5.49	427.61
431	170	31.0	101141	15.66	101142	16.18	107282	97	31.27	1.46	8.64	466.56
432	169	31.1	101145	16.23	101142	16.32	107586	97	31.37	1.5	3.78	471.53
433	175	31.1	101141	15.91	101144	15.91	107348	97	31.4	1.55	13.05	549.0
434	170	31.1	101145	16.41	101144	16.26	107657	97	31.36	1.49	5.8	403.72
435	170	31.1	101145	16.16	101142	15.61	107123	97	31.36	1.45	27.9	431.55
436	172	31.1	101140	16.44	101141	15.87	107411	97	31.27	1.47	7.04	513.5
437	169	31.0	101141	15.96	101139	16.32	107350	97	31.4	1.53	6.97	555.43
438	173	31.2	101142	15.91	101143	16.31	107964	98	31.22	1.52	10.48	433.0
439	171	31.1	101152	15.85	101147	16.22	106903	97	31.5	1.47	10.3	487.03
440	171	31.1	101147	15.62	101146	15.59	107472	97	31.22	1.54	4.64	534.21
441	173	31.2	101150	14.93	101148	15.71	107541	97	31.36	1.41	9.35	492.19
442	169	31.1	101146	15.89	101143	15.72	107614	97	31.36	1.52	8.42	497.05
443	171	31.1	101139	16.22	101146	15.91	106896	97	31.34	1.46	6.7	411.5
444	172	31.1	101144	15.95	101144	16.27	106947	97	31.26	1.49	2.88	412.49
445	170	31.2	101141	16.28	101143	15.51	106857	97	31.32	1.45	7.65	393.43
446	172	31.0	101141	16.25	101140	16.4	106777	97	31.31	1.45	5.11	482.57
447	168	31.1	101146	16.27	101143	16.0	107137	97	31.38	1.45	0.95	458.56
448	174	31.2	101149	16.06	101146	16.32	107431	97	31.25	1.5	7.19	359.54
449	168	31.1	101137	16.69	101143	16.12	107367	97	31.36	1.51	5.75	425.48
450	168	31.1	101145	15.89	101146	15.41	107167	97	31.27	1.45	5.7	402.49
451	168	31.2	101149	16.39	101147	16.24	107185	97	31.18	1.39	2.9	455.73
452	169	31.1	101146	15.48	101150	15.78	107437	97	31.39	1.32	28.74	352.61
453	171	31.1	101142	15.67	101146	16.08	106590	96	31.37	1.5	12.13	482.56
454	169	31.1	101149	15.45	101146	16.22	106888	97	31.47	1.38	17.4	491.02
455	169	31.1	101148	15.63	101146	15.73	107439	97	31.25	1.44	9.4	470.46
456	169	31.1	101146	15.81	101142	16.27	107400	97	31.45	1.38	7.65	459.55
457	168	31.1	101136	16.0	101137	16.25	106635	96	31.48	1.49	8.53	532.96
458	168	31.1	101138	16.66	101136	16.25	106839	97	31.39	1.44	4.47	433.15
459	168	31.1	101136	15.89	101143	15.88	106406	96	31.27	1.4	7.16	528.34
460	168	31.0	101142	15.38	101146	15.93	106764	97	31.41	1.52	8.15	513.55
461	171	31.1	101143	15.67	101138	16.46	106208	96	31.39	1.51	4.18	470.62
462	170	31.2	101142	16.51	101133	16.75	106556	96	31.27	1.54	2.34	440.76
463	173	31.1	101142	16.38	101137	16.73	106741	97	31.39	1.47	5.94	532.99
464	172	31.1	101139	16.16	101141	16.42	106446	96	31.32	1.46	5.42	355.11
465	167	31.1	101132	16.54	101137	16.71	106977	97	31.27	1.52	2.32	391.99
466	174	31.1	101141	16.11	101137	16.25	106751	97	31.45	1.46	2.42	468.34
467	173	31.1	101140	16.46	101135	16.58	107006	97	31.36	1.39	4.87	478.43
468	168	31.1	101134	16.39	101136	16.24	107111	97	31.29	1.46	5.58	460.56
469	170	31.0	101141	16.36	101137	16.56	107002	97	31.4	1.44	2.91	441.53
470	171	31.1	101145	16.44	101143	16.66	106970	97	31.51	1.42	6.4	513.77
471	170	31.1	101139	15.73	101138	16.36	106944	97	31.36	1.49	11.51	453.7
472	169	31.1	101143	16.18	101135	16.17	107297	97	31.45	1.49	4.78	481.74
473	171	31.0	101145	16.73	101137	16.08	107323	97	31.32	1.53	8.23	414.9
474	172	31.1	101137	16.45	101140	16.66	107033	97	31.44	1.45	4.95	370.04
475	168	31.1	101134	16.14	101139	15.97	107097	97	31.33	1.4	6.45	525.14
476	167	31.1	101137	16.37	101144	16.82	106789	97	31.27	1.53	1.87	391.2
477	167	31.0	101141	16.62	101137	16.47	107259	97	31.46	1.41	5.22	427.29
478	167	31.1	101141	16.43	101144	16.49	107149	97	31.27	1.48	3.21	386.25
479	168	31.1	101134	16.57	101145	16.63	106756	97	31.48	1.47	0.98	467.45
480	169	31.1	101146	15.92	101142	15.91	106661	96	31.44	1.51	9.31	506.71
481	169	31.1	101141	15.93	101142	16.44	106786	97	31.32	1.47	9.2	469.67
482	169	31.1	101139	16.83	101139	16.33	106987	97	31.46	1.44	1.84	476.86
483	169	31.1	101140	15.6	101147	15.75	106253	96	31.36	1.53	4.08	383.07
484	168	31.1	101144	16.38	101140	15.88	106189	96	31.4	1.41	4.01	519.26
485	170	31.1	101143	16.05	101146	16.28	106428	96	31.49	1.4	6.34	537.3
486	167	31.1	101136	16.47	101138	16.57	106892	97	31.27	1.41	5.79	538.47
487	172	31.2	101133	16.94	101141	16.16	106144	96	31.54	1.54	3.16	500.5
488	169	31.2	101139	16.44	101130	16.11	106427	96	31.27	1.44	3.24	527.74
489	167	31.1	101133	16.71	101131	16.55	106291	96	31.46	1.4	7.64	431.9
490	170	31.1	101137	16.28	101136	16.84	106749	97	31.42	1.55	4.36	368.08
491	167	31.1	101139	15.59	101145	15.95	106781	97	31.36	1.35	14.82	404.81
492	169	31.1	101141	15.89	101143	15.58	106387	96	31.51	1.42	7.08	391.01
493	168	31.1	101140	16.26	101140	16.07	106560	96	31.27	1.48	3.03	432.09
494	174	31.1	101140	16.12	101132	16.73	106194	96	31.48	1.44	2.37	485.24
495	169	31.1	101138	16.01	101146	16.54	106519	96	31.37	1.53	2.24	481.66
496	167	31.1	101139	16.14	101138	15.98	106379	96	31.27	1.53	5.67	512.2
497	170	31.1	101137	16.49	101133	16.54	106038	96	31.39	1.55	5.55	388.34
498	167	31.1	101144	16.53	101145	16.13	106239	96	31.23	1.52	5.27	539.57
499	166	31.2	101143	16.31	101140	16.31	106223	96	31.27	1.44	9.14	379.78
500	168	31.1	101137	16.5	101143	16.26	106029	96	31.55	1.41	5.38	533.11
501	167	31.1	101136	15.84	101140	16.31	106042	96	31.35	1.41	5.71	363.26
502	166	31.2	101133	15.99	101139	16.23	106363	96	31.38	1.49	1.79	503.41
503	168	31.0	101142	16.43	101145	16.23	106782	97	31.23	1.39	5.81	495.43
504	167	31.1	101147	15.76	101139	16.54	106402	96	31.45	1.44	2.93	421.47
505	170	31.1	101142	16.71	101135	16.17	106270	96	31.38	1.45	4.84	527.16
506	166	31.1	101141	16.55	101142	16.24	106605	96	31.22	1.49	5.22	448.16
507	168	31.0	101140	16.79	101141	16.25	106865	97	31.31	1.47	3.81	494.51
508	170	31.1	101139	16.63	101142	16.05	106247	96	31.39	1.42	9.39	468.72
509	168	31.1	101139	16.37	101140	16.5	107145	97	31.22	1.53	7.41	428.68
510	166	31.1	101131	16.37	101132	16.57	106777	97	31.3	1.4	10.56	470.56
511	168	31.1	101140	16.14	101134	16.67	106612	96	31.37	1.42	3.76	402.97
512	166	31.0	101140	16.34	101138	16.33	106641	96	31.37	1.44	6.8	413.1
513	169	31.0	101131	16.43	101140	16.2	106822	97	31.27	1.53	10.38	386.17
514	170	31.1	101137	16.43	101141	16.43	106918	97	31.32	1.43	14.26	434.45
515	167	31.1	101139	16.15	101143	16.33	106832	97	31.39	1.42	4.6	368.51
516	167	31.0	101137	16.25	101141	15.66	106678	96	31.32	1.43	1.9	468.65
517	172	31.1	101141	16.33	101141	16.17	105895	96	31.33	1.43	2.96	412.92
518	169	31.1	101147	16.28	101142	16.14	105744	96	31.32	1.42	6.19	497.83
519	167	31.1	101140	16.03	101143	16.36	105820	96	31.32	1.55	12.26	392.44
520	167	31.1	101134	16.27	101134	16.1	106027	96	31.41	1.42	5.17	430.54
521	171	31.2	101142	16.47	101136	16.73	105686	96	31.45	1.35	4.9	402.73
522	167	31.1	101145	16.35	101136	16.04	105413	95	31.36	1.56	3.13	414.51
523	169	31.1	101134	16.38	101141	16.7	105891	96	31.22	1.42	10.12	401.13
524	176	31.1	101140	16.63	101137	15.9	106066	96	31.41	1.44	9.43	502.19
525	174	31.1	101140	16.21	101140	16.28	105765	96	31.24	1.46	0.53	548.31
526	172	31.1	101145	15.69	101145	15.88	105666	96	31.32	1.52	8.24	410.5
527	171	31.1	101142	16.19	101139	16.38	106132	96	31.41	1.73	28.73	524.79
528	178	31.0	101145	16.56	101136	16.56	106511	96	31.5	1.38	8.55	515.81
529	174	31.1	101134	17.14	101135	16.22	106091	96	31.44	1.54	5.39	361.87
530	170	31.1	101136	16.47	101144	16.83	105779	96	31.27	1.4	5.72	500.93
531	173	31.1	101140	16.6	101135	16.48	105834	96	31.55	1.45	5.94	405.27
532	167	31.1	101133	16.35	101132	16.6	106172	96	31.44	1.51	37.17	429.47
533	168	31.1	101137	16.54	101140	15.69	105675	96	31.38	1.48	6.98	524.35
534	167	31.1	101140	17.13	101137	17.31	105814	96	31.26	1.5	2.81	493.51
535	168	31.1	101139	16.29	101140	16.35	106466	96	31.32	1.49	8.24	367.59
536	173	31.1	101139	16.37	101143	16.5	105816	96	31.33	1.48	6.35	533.27
537	173	31.2	101132	16.9	101136	17.13	106162	96	31.32	1.47	1.24	382.36
538	170	31.2	101140	16.09	101139	16.34	105953	96	31.41	1.42	2.27	533.3
539	170	31.1	101144	15.41	101149	16.18	106231	96	31.46	1.46	12.09	530.94
540	169	31.1	101157	16.27	101145	15.41	105876	96	31.36	1.46	7.52	407.96
541	167	31.1	101146	16.14	101144	15.61	105853	96	31.3	1.37	5.23	429.12
542	167	31.1	101141	15.48	101143	15.81	105698	96	31.41	1.39	5.58	473.08
543	167	31.1	101149	15.64	101149	16.02	105907	96	31.45	1.47	4.16	393.33
544	167	31.0	101145	15.77	101146	15.82	105334	95	31.32	1.54	5.99	399.45
545	167	31.1	101141	14.97	101149	15.59	105507	95	31.36	1.53	10.49	520.11
546	167	31.1	101146	15.25	101143	16.06	105518	95	31.27	1.54	4.79	461.94
547	167	31.1	101147	16.5	101148	16.01	105794	96	31.45	1.4	7.62	536.0
548	168	31.1	101144	16.01	101142	15.68	105383	95	31.37	1.41	7.11	503.32
549	173	31.1	101143	15.76	101147	15.39	105669	96	31.2	1.46	4.98	510.37
550	166	31.1	101148	16.43	101142	15.8	105594	95	31.5	1.48	5.13	486.33
551	170	31.2	101148	15.88	101150	15.59	105825	96	31.22	1.43	9.29	424.24
552	167	31.0	101146	16.16	101137	16.18	105079	95	31.26	1.45	6.07	484.37
553	171	31.1	101142	16.19	101143	16.03	105228	95	31.28	1.49	8.55	546.52
554	169	31.1	101139	16.18	101139	15.61	105325	95	31.3	1.48	4.62	378.46
555	169	31.1	101141	16.13	101144	16.03	105584	95	31.41	1.53	6.4	496.47
556	170	31.0	101130	16.94	101145	16.12	104893	95	31.34	1.42	4.01	419.47
557	172	31.1	101145	15.95	101140	16.65	105495	95	31.27	1.54	8.34	547.5
558	167	31.0	101142	16.22	101137	16.44	105129	95	31.5	1.39	5.88	543.4
559	167	31.1	101141	15.89	101147	15.94	105871	96	31.43	1.44	5.31	481.61
560	167	31.1	101141	16.44	101142	16.1	105555	95	31.27	1.39	7.79	474.74
561	167	31.2	101137	16.34	101139	16.31	105513	95	31.32	1.52	3.07	370.75
562	168	31.1	101140	16.11	101139	16.38	105375	95	31.32	1.49	7.14	374.82
563	167	31.1	101146	16.11	101149	15.99	105518	95	31.35	1.48	7.15	396.86
564	166	31.1	101134	16.57	101138	16.05	105473	95	31.27	1.43	6.9	373.82
565	170	31.1	101145	16.28	101143	16.05	105081	95	31.22	1.45	2.94	484.88
566	167	31.1	101137	16.45	101144	16.22	105141	95	31.32	1.46	9.88	501.76
567	167	31.1	101144	15.74	101147	16.11	105532	95	31.35	1.37	12.74	384.51
568	171	31.0	101141	16.1	101145	15.29	105013	95	31.43	1.43	1.25	401.49
569	167	31.1	101147	16.13	101145	15.69	105265	95	31.31	1.43	2.1	536.69
570	172	31.1	101145	15.8	101145	15.8	105468	95	31.41	1.52	6.49	380.77
571	168	31.1	101144	15.43	101148	16.09	105574	95	31.29	1.47	7.96	494.58
572	166	31.0	101145	15.6	101153	15.9	104959	95	31.43	1.42	4.11	412.78
573	166	31.1	101141	15.83	101146	16.08	105430	95	31.48	1.49	2.16	402.81
574	168	31.1	101144	15.63	101144	16.25	105543	95	31.39	1.51	3.4	429.74
575	166	31.0	101150	15.38	101149	15.8	105399	95	31.3	1.51	6.55	373.64
576	167	31.2	101149	15.51	101146	15.8	104910	95	31.27	1.45	15.31	525.16
577	170	31.1	101142	16.34	101147	15.91	105364	95	31.35	1.5	6.89	411.4
578	170	31.1	101140	15.58	101144	15.65	105405	95	31.34	1.43	8.97	362.28
579	168	31.2	101147	16.22	101145	16.5	105552	95	31.22	1.47	10.83	401.31
580	165	31.1	101145	16.02	101143	16.21	105068	95	31.24	1.31	27.19	452.56
581	168	31.1	101142	15.99	101140	16.04	105190	95	31.18	1.42	7.27	544.81
582	168	31.1	101141	16.09	101141	15.83	105548	95	31.44	1.53	11.86	503.84
583	168	31.2	101142	15.75	101144	15.9	105658	96	31.22	1.5	3.97	481.95
584	166	31.1	101142	15.9	101149	14.93	105183	95	31.32	1.41	2.65	426.13
585	165	31.0	101155	15.97	101150	15.6	105636	96	31.32	1.55	11.16	463.16
586	170	31.1	101142	16.28	101141	16.02	105381	95	31.39	1.37	11.54	417.3
587	167	31.0	101142	16.06	101141	15.58	105528	95	31.27	1.54	4.43	368.44
588	167	31.0	101149	15.43	101145	15.47	105322	95	31.29	1.38	8.91	547.59
589	165	31.1	101153	16.05	101153	15.65	105269	95	31.48	1.54	18.92	526.59
590	167	31.1	101141	16.09	101153	15.81	105667	96	31.35	1.44	7.21	494.81
591	167	31.0	101144	15.9	101146	15.97	105145	95	31.29	1.49	5.93	382.9
592	165	31.0	101151	15.86	101149	14.95	105209	95	31.43	1.48	4.29	442.06
593	169	31.0	101148	14.87	101145	15.79	104848	95	31.22	1.52	6.15	397.2
594	167	31.2	101154	15.91	101141	15.86	105285	95	31.41	1.49	6.39	430.25
595	165	31.2	101138	16.29	101140	16.43	104641	95	31.32	1.46	8.19	467.42
596	165	31.1	101141	15.87	101143	16.16	104689	95	31.39	1.5	8.44	419.25
597	166	31.0	101141	15.72	101142	15.9	104769	95	31.46	1.43	4.66	480.19
598	167	31.1	101145	16.42	101145	16.48	105206	95	31.32	1.5	2.66	490.26
599	171	31.1	101145	15.93	101142	16.18	104508	95	31.46	1.55	4.7	402.38
600	165	31.1	101143	16.16	101140	16.02	105146	95	31.27	1.49	5.64	403.49
601	169	31.1	101135	16.23	101139	16.53	105207	95	31.28	1.53	0.84	397.59
602	165	31.0	101138	16.22	101139	16.11	105034	95	31.49	1.43	9.17	446.61
603	169	31.0	101135	16.84	101140	16.59	105301	95	31.29	1.55	2.89	425.76
604	165	31.0	101137	16.93	101140	16.27	104955	95	31.32	1.51	8.22	434.64
605	167	31.1	101146	15.91	101144	15.97	105248	95	31.32	1.54	4.17	540.76
606	166	31.1	101140	16.32	101141	16.24	105062	95	31.26	1.47	5.94	540.8
607	165	31.0	101141	16.29	101141	16.16	105333	95	31.32	1.47	7.32	438.05
608	165	31.1	101137	16.53	101140	16.27	105115	95	31.22	1.39	2.09	372.11
609	168	31.0	101137	16.07	101141	16.32	105383	95	31.45	1.5	4.69	432.08
610	167	30.9	101138	15.92	101140	16.65	105149	95	31.21	1.5	2.54	539.14
611	167	31.0	101135	16.7	101134	16.85	105099	95	31.51	1.41	1.83	407.28
612	165	31.1	101137	16.36	101139	17.07	105423	95	31.23	1.53	5.75	518.35
613	171	31.1	101134	17.47	101132	16.86	105472	95	31.35	1.41	2.8	535.59
614	167	31.0	101133	16.62	101135	16.86	105533	95	31.35	1.57	5.57	365.29
615	164	31.1	101137	16.63	101134	16.64	105014	95	31.27	1.39	3.47	399.34
616	167	31.1	101145	15.59	101138	16.38	105117	95	31.32	1.44	12.39	384.44
617	166	31.0	101144	15.83	101145	16.39	105457	95	31.38	1.48	6.8	536.38
618	167	31.0	101136	16.26	101140	16.24	105714	96	31.31	1.39	4.97	437.41
619	166	31.0	101142	16.1	101147	16.21	105266	95	31.38	1.49	4.8	448.59
620	170	30.9	101138	16.59	101138	16.41	105891	96	31.23	1.51	9.86	526.4
621	164	31.0	101139	16.52	101143	16.02	106108	96	31.34	1.39	4.51	546.47
622	166	31.0	101135	16.11	101141	16.54	106277	96	31.42	1.42	8.08	428.4
623	166	31.0	101136	16.68	101143	16.36	105752	96	31.32	1.5	8.9	516.51
624	167	31.0	101138	16.4	101138	16.56	105930	96	31.45	1.4	8.19	451.57
625	164	30.9	101140	16.2	101133	16.78	106521	96	31.37	1.47	7.91	419.74
626	165	31.1	101137	16.54	101134	16.29	106712	97	31.3	1.4	7.82	419.97
627	166	31.0	101142	15.96	101138	16.09	105799	96	31.31	1.41	3.82	375.99
628	164	31.0	101143	16.27	101140	16.02	105704	96	31.27	1.51	1.83	533.06
629	167	31.1	101139	16.13	101141	16.37	106151	96	31.36	1.5	7.18	544.21
630	164	30.9	101136	16.39	101141	16.45	106265	96	31.22	1.52	7.16	468.14
631	164	31.0	101131	16.13	101141	16.35	105784	96	31.28	1.51	7.37	408.15
632	164	30.9	101134	16.29	101140	16.01	105889	96	31.27	1.51	8.47	494.12
633	164	30.9	101137	16.38	101129	16.61	105892	96	31.43	1.4	8.63	457.06
634	163	31.0	101136	16.51	101141	16.46	106309	96	31.3	1.5	3.43	359.02
635	167	31.0	101134	16.23	101140	15.99	105455	95	31.28	1.45	5.22	469.95
636	164	31.0	101137	16.7	101135	16.16	106107	96	31.29	1.47	9.7	525.04
637	165	31.0	101135	16.7	101134	16.78	106092	96	31.29	1.53	8.4	405.96
638	163	30.9	101141	16.37	101139	16.59	105938	96	31.36	1.45	4.77	465.08
639	166	31.0	101138	16.06	101137	16.65	105652	96	31.22	1.43	2.28	533.3
640	163	31.1	101129	16.52	101138	16.41	105857	96	31.29	1.42	5.74	457.24
641	164	31.0	101132	17.0	101132	16.48	105997	96	31.46	1.58	12.99	363.93
642	170	31.0	101135	16.33	101133	16.85	105502	95	31.32	1.44	7.95	510.16
643	167	31.0	101129	16.62	101135	16.37	105240	95	31.25	1.41	4.78	503.44
644	163	30.9	101134	16.92	101139	16.56	105424	95	31.18	1.47	3.17	461.31
645	166	30.9	101131	16.78	101136	17.21	105772	96	31.41	1.53	5.73	441.57
646	164	31.0	101139	16.51	101148	16.03	105729	96	31.22	1.53	9.64	505.68
647	165	31.0	101141	16.24	101133	15.69	105759	96	31.27	1.4	1.78	495.73
648	164	31.1	101146	16.5	101135	16.46	105769	96	31.27	1.4	19.34	414.42
649	163	31.0	101145	16.01	101143	16.07	106214	96	31.4	1.55	9.64	399.66
650	165	31.1	101144	16.17	101138	16.35	106271	96	31.39	1.46	7.52	367.68
651	166	31.1	101136	16.29	101135	16.85	106243	96	31.25	1.36	13.55	403.85
652	165	30.9	101140	16.22	101142	15.9	105373	95	31.32	1.39	12.41	471.09
653	168	31.0	101137	16.95	101133	16.57	106226	96	31.34	1.43	8.8	502.21
654	165	31.0	101138	16.14	101134	16.59	106247	96	31.36	1.53	3.82	479.02
655	164	31.0	101140	16.37	101139	16.13	106049	96	31.22	1.54	1.53	497.15
656	165	31.0	101142	16.43	101139	16.21	105912	96	31.32	1.48	5.39	492.21
657	165	31.0	101139	16.73	101130	16.63	106500	96	31.25	1.52	7.41	505.22
658	163	31.1	101134	16.42	101138	16.86	106309	96	31.31	1.45	7.87	398.15
659	165	31.0	101131	17.12	101134	17.7	106012	96	31.43	1.54	10.47	552.21
660	163	31.0	101130	16.86	101132	16.9	106049	96	31.18	1.54	5.48	513.39
661	165	31.1	101133	16.65	101136	16.9	106291	96	31.41	1.38	5.78	545.59
662	164	31.0	101133	16.11	101133	16.21	106324	96	31.36	1.43	2.44	553.7
663	168	31.0	101130	16.96	101136	16.81	105933	96	31.32	1.51	7.85	384.98
664	171	31.0	101141	16.69	101141	16.41	106381	96	31.32	1.49	2.54	551.99
665	163	31.0	101137	17.27	101130	17.27	105976	96	31.4	1.51	1.27	456.99
666	166	31.1	101130	16.97	101140	16.57	106294	96	31.32	1.53	6.89	482.1
667	164	31.1	101135	16.4	101142	16.18	106112	96	31.3	1.39	4.48	538.09
668	165	31.0	101145	15.86	101142	15.69	106240	96	31.32	1.38	0.08	394.17
669	165	31.0	101142	16.79	101142	16.12	106120	96	31.44	1.47	2.65	446.17
670	163	31.0	101141	16.35	101140	16.69	106323	96	31.52	1.53	7.19	424.22
671	165	31.1	101142	16.21	101141	16.83	106260	96	31.27	1.39	1.71	521.23
672	165	31.0	101137	17.09	101136	16.48	106008	96	31.28	1.51	5.39	395.19
673	165	30.9	101135	16.27	101141	16.14	105797	96	31.22	1.48	4.89	398.16
674	169	31.0	101136	16.6	101137	16.47	106406	96	31.35	1.48	1.35	548.11
675	165	31.0	101128	17.02	101136	16.32	106145	96	31.22	1.51	5.25	418.37
676	166	30.9	101130	16.24	101131	16.5	106200	96	31.38	1.49	8.02	413.34
677	170	31.1	101140	16.23	101144	16.91	106376	96	31.32	1.43	12.68	427.05
678	163	31.1	101142	16.72	101144	16.73	106407	96	31.18	1.48	7.33	549.48
679	162	31.0	101148	16.32	101142	16.39	106799	97	31.22	1.48	6.73	431.78
680	163	31.0	101136	16.75	101141	16.08	106207	96	31.44	1.42	5.69	391.87
681	166	31.0	101141	15.77	101139	16.22	105789	96	31.29	1.4	8.27	486.18
682	172	31.1	101146	16.43	101146	16.42	106004	96	31.42	1.49	5.16	544.14
683	167	31.0	101138	16.12	101139	16.35	106643	96	31.33	1.52	9.42	504.04
684	169	31.0	101132	16.13	101141	16.62	106374	96	31.25	1.49	4.26	524.12
685	171	30.9	101141	15.95	101150	15.4	106632	96	31.41	1.4	5.1	361.02
686	167	31.0	101142	15.63	101144	15.84	106916	97	31.27	1.49	15.31	486.37
687	167	30.9	101135	16.42	101140	16.19	106725	97	31.26	1.47	16.59	429.2
688	169	31.0	101146	16.01	101139	16.63	106701	97	31.23	1.48	12.46	550.24
689	166	31.0	101139	16.39	101142	16.09	105951	96	31.45	1.43	13.75	450.37
690	166	31.0	101142	16.11	101142	15.72	106399	96	31.37	1.42	3.95	534.36
691	167	31.0	101149	16.37	101137	16.37	107012	97	31.27	1.54	3.69	512.11
692	167	30.9	101140	16.71	101142	16.41	106995	97	31.27	1.4	7.52	419.03
693	168	31.0	101141	16.54	101142	16.03	106935	97	31.34	1.47	1.3	447.16
694	169	31.0	101146	16.57	101145	16.06	106617	96	31.23	1.54	2.45	397.23
695	169	31.0	101141	16.3	101136	15.95	106888	97	31.21	1.52	11.57	371.97
696	167	31.0	101140	16.62	101135	16.44	106926	97	31.27	1.63	33.05	438.32
697	168	31.0	101135	16.51	101141	16.74	106789	97	31.26	1.46	16.32	439.42
698	172	31.0	101140	15.45	101150	15.23	106715	97	31.42	1.42	19.67	487.52
699	168	31.0	101150	15.39	101143	16.28	106887	97	31.24	1.39	8.03	435.44
700	166	31.0	101140	15.55	101147	15.98	107061	97	31.27	1.45	6.45	438.27
701	168	31.0	101137	16.53	101137	15.94	106247	96	31.27	1.55	7.06	376.33
702	167	30.9	101145	15.44	101146	15.52	106292	96	31.28	1.39	5.73	496.34
703	166	31.1	101138	16.49	101142	16.16	106303	96	31.27	1.53	14.3	481.17
704	167	31.0	101143	16.03	101139	16.26	106659	96	31.22	1.57	4.75	472.97
705	174	31.0	101136	16.62	101134	16.65	106108	96	31.26	1.57	10.94	381.85
706	167	31.1	101137	16.72	101141	15.77	106356	96	31.18	1.47	2.15	378.91
707	167	31.0	101137	16.36	101142	16.42	106778	97	31.3	1.55	7.99	526.06
708	167	31.0	101137	16.6	101137	16.68	106431	96	31.49	1.41	7.83	453.03
709	168	31.0	101143	16.2	101138	16.28	106434	96	31.39	1.56	3.2	365.07
710	171	31.0	101145	16.35	101143	15.69	106467	96	31.36	1.48	2.48	388.07
711	167	31.1	101147	15.87	101147	15.74	106759	97	31.32	1.57	6.59	520.13
712	167	31.0	101145	15.44	101146	15.06	106311	96	31.32	1.5	2.13	374.23
713	173	31.0	101149	15.96	101144	15.86	106081	96	31.27	1.54	3.2	528.17
714	168	31.0	101134	16.7	101139	16.56	106443	96	31.32	1.51	1.29	451.16
715	168	31.0	101144	16.19	101146	16.25	106114	96	31.22	1.51	3.99	492.22
716	167	31.0	101141	16.34	101147	15.5	106909	97	31.22	1.42	2.8	434.09
717	170	31.1	101143	15.64	101145	16.08	106594	96	31.31	1.52	1.21	545.08
718	167	31.0	101141	15.54	101143	16.13	105793	96	31.41	1.55	4.0	489.09
719	174	31.0	101141	15.72	101141	16.06	106021	96	31.32	1.55	6.31	534.03
720	169	31.1	101143	16.37	101146	16.15	106583	96	31.18	1.51	3.69	386.04
721	167	31.0	101146	16.26	101150	15.63	106678	96	31.39	1.42	2.25	422.14
722	169	31.0	101145	16.2	101143	15.82	106539	96	31.28	1.46	4.32	477.24
723	169	31.0	101140	15.99	101133	16.79	106055	96	31.32	1.44	6.77	398.11
724	170	31.0	101140	16.28	101139	16.1	106339	96	31.5	1.42	6.14	522.21
725	167	31.0	101140	16.1	101141	16.32	106165	96	31.22	1.56	7.1	418.29
726	168	31.0	101136	16.35	101134	16.55	106763	97	31.19	1.41	1.87	439.27
727	174	31.0	101132	16.74	101142	16.01	106156	96	31.46	1.54	11.74	540.98
728	168	31.1	101138	16.31	101141	15.86	106594	96	31.32	1.42	2.62	412.95
729	169	31.0	101143	16.61	101141	16.26	106318	96	31.25	1.48	7.69	454.98
730	169	31.0	101137	16.22	101140	16.19	106793	97	31.41	1.45	5.9	416.11
731	171	31.0	101142	16.21	101136	16.36	106712	97	31.48	1.5	4.44	509.07
732	170	31.0	101138	16.18	101141	15.91	106145	96	31.37	1.46	9.31	405.93
733	172	31.0	101141	15.68	101139	15.71	106510	96	31.33	1.4	3.48	391.9
734	171	31.1	101145	15.97	101138	16.81	106875	97	31.13	1.53	6.89	466.83
735	168	30.9	101135	16.95	101136	16.91	106933	97	31.43	1.51	2.32	477.86
736	168	31.0	101142	16.33	101138	16.7	106623	96	31.45	1.43	1.07	389.9
737	171	30.9	101138	16.48	101142	16.38	106585	96	31.3	1.39	2.88	468.92
738	173	31.0	101134	16.71	101137	16.85	106427	96	31.29	1.5	8.71	460.84
739	168	31.0	101142	16.52	101135	16.83	106547	96	31.2	1.45	1.7	372.74
740	168	30.9	101139	16.53	101133	16.15	106784	97	31.24	1.52	6.38	445.73
741	172	31.0	101132	16.7	101139	16.31	107007	97	31.32	1.44	3.65	414.68
742	168	31.0	101134	17.1	101134	16.71	106265	96	31.34	1.4	2.72	476.62
743	171	31.1	101137	16.43	101138	16.76	106362	96	31.38	1.45	8.34	471.5
744	168	30.9	101137	16.94	101129	16.85	106614	96	31.18	1.51	7.17	512.4
745	170	31.0	101136	16.5	101144	16.16	106792	97	31.39	1.52	10.34	481.91
746	168	31.0	101138	16.89	101130	16.77	106243	96	31.27	1.44	10.33	518.89
747	168	30.9	101144	16.6	101139	16.31	106104	96	31.22	1.49	4.41	468.78
748	168	31.0	101143	16.23	101140	16.06	106559	96	31.23	1.4	8.1	431.77
749	171	31.1	101140	15.98	101141	16.42	106656	96	31.4	1.41	12.98	459.2
750	168	31.0	101139	16.17	101144	16.16	106320	96	31.27	1.53	7.3	490.32
751	167	31.0	101140	16.42	101134	16.19	106362	96	31.22	1.4	1.36	369.35
752	170	31.0	101136	16.36	101142	16.68	106603	96	31.34	1.45	2.58	395.33
753	169	30.9	101140	16.02	101141	15.95	106247	96	31.24	1.51	3.38	415.35
754	170	31.0	101137	17.03	101133	16.7	106380	96	31.22	1.46	7.61	517.35
755	167	30.9	101145	15.91	101138	16.68	106319	96	31.33	1.46	9.19	541.17
756	167	30.9	101142	16.83	101142	16.54	106376	96	31.18	1.43	4.56	512.2
757	167	31.0	101135	16.51	101134	16.21	105853	96	31.32	1.52	4.29	411.33
758	168	31.0	101132	15.96	101141	16.61	106541	96	31.34	1.56	2.08	505.35
759	170	30.9	101136	16.16	101142	16.19	106538	96	31.27	1.49	6.16	403.3
760	169	31.0	101142	16.16	101140	16.41	106503	96	31.27	1.48	5.35	355.37
761	168	31.0	101143	16.2	101141	16.03	106072	96	31.22	1.5	8.98	410.3
762	170	31.0	101136	16.05	101139	16.25	105997	96	31.37	1.42	11.18	406.57
763	170	31.0	101146	16.33	101138	16.39	106504	96	31.28	1.4	2.16	511.59
764	169	31.0	101138	16.48	101138	16.39	106787	97	31.31	1.59	11.2	386.81
765	167	31.1	101142	16.42	101140	16.49	106080	96	31.22	1.44	2.23	392.92
766	167	30.9	101134	16.31	101135	16.3	105894	96	31.13	1.41	5.41	428.87
767	167	30.9	101134	16.46	101133	16.43	106030	96	31.27	1.41	6.32	386.73
768	169	31.0	101136	16.28	101139	16.56	106280	96	31.22	1.56	4.22	514.48
769	169	31.0	101136	16.65	101141	16.76	105771	96	31.27	1.51	7.72	508.41
770	168	31.0	101131	16.88	101142	16.81	106131	96	31.43	1.4	11.27	371.51
771	167	31.0	101139	16.62	101135	16.65	106162	96	31.29	1.4	9.04	448.6
772	166	31.0	101140	16.43	101131	16.64	105713	96	31.27	1.42	1.57	362.55
773	167	31.0	101134	16.55	101133	17.07	106219	96	31.22	1.42	20.26	539.75
774	170	30.9	101128	16.69	101137	17.22	106320	96	31.23	1.44	8.14	455.96
775	167	31.0	101139	16.17	101138	16.42	106018	96	31.31	1.44	13.64	343.47
776	169	31.0	101136	16.18	101138	16.58	105889	96	31.48	1.52	11.46	448.51
777	169	30.9	101137	16.43	101143	16.06	106132	96	31.25	1.43	16.1	503.47
778	167	31.0	101139	16.52	101137	16.83	106263	96	31.25	1.44	7.14	460.53
779	168	31.0	101140	16.22	101133	16.23	106007	96	31.33	1.44	9.18	387.75
780	167	31.0	101138	16.28	101134	16.34	105659	96	31.27	1.56	6.54	359.93
781	171	31.0	101137	16.59	101137	16.7	105792	96	31.26	1.48	4.51	409.08
782	167	31.1	101137	16.54	101136	16.79	105932	96	31.16	1.53	4.34	503.25
783	167	31.0	101144	15.8	101140	16.42	105888	96	31.21	1.45	5.34	480.44
784	169	31.0	101144	16.44	101135	16.57	105662	96	31.31	1.43	6.48	536.82
785	173	31.0	101138	16.58	101142	16.83	105889	96	31.42	1.52	7.7	504.06
786	167	30.9	101143	16.76	101137	16.21	106005	96	31.41	1.43	7.03	528.15
787	170	31.0	101136	16.14	101145	16.12	105746	96	31.23	1.51	7.41	375.51
788	167	31.0	101138	16.01	101143	15.87	105814	96	31.45	1.48	7.22	441.65
789	167	31.0	101139	15.85	101137	15.97	106395	96	31.4	1.45	2.97	517.77
790	169	30.9	101132	17.04	101138	16.88	105481	95	31.41	1.45	7.02	518.92
791	169	31.0	101141	15.87	101143	16.15	105858	96	31.37	1.4	4.46	388.08
792	170	31.0	101137	16.26	101136	16.31	106216	96	31.22	1.51	2.97	447.21
793	170	31.0	101139	16.34	101145	16.21	106009	96	31.44	1.52	8.46	384.16
794	167	31.0	101141	15.78	101143	16.18	105574	95	31.35	1.47	4.22	495.36
795	167	31.0	101143	16.66	101138	16.26	105688	96	31.37	1.46	5.13	394.53
796	168	30.9	101143	16.09	101139	16.18	105771	96	31.22	1.39	4.41	527.61
797	167	31.0	101140	16.43	101135	16.13	105390	95	31.2	1.46	7.93	460.87
798	168	31.0	101132	16.26	101137	16.86	106037	96	31.22	1.48	2.61	446.98
799	169	30.9	101133	16.47	101137	16.46	105693	96	31.32	1.46	9.13	356.01
800	169	31.0	101140	16.76	101129	17.05	105714	96	31.34	1.5	8.28	412.2
801	167	31.0	101136	16.4	101140	16.43	105487	95	31.26	1.53	5.49	515.37
802	170	31.1	101139	17.19	101133	17.16	105800	96	31.4	1.46	11.75	420.79
803	167	31.0	101135	16.79	101138	16.8	105938	96	31.21	1.48	0.83	423.94
804	169	31.0	101137	16.4	101138	16.09	105579	95	31.5	1.51	3.36	409.05
805	167	31.0	101138	16.99	101136	15.8	105514	95	31.18	1.49	1.31	378.2
806	167	31.0	101135	16.34	101134	16.95	105909	96	31.27	1.55	9.7	488.09
807	172	31.0	101131	16.99	101136	16.24	105894	96	31.45	1.49	6.62	406.28
808	171	30.9	101140	15.53	101139	16.33	105460	95	31.32	1.45	5.17	403.33
809	170	31.0	101142	16.07	101139	16.6	105226	95	31.22	1.49	2.44	404.43
810	168	31.0	101141	16.45	101137	16.88	105809	96	31.27	1.53	8.78	402.66
811	170	31.0	101142	16.75	101141	16.2	105780	96	31.36	1.53	1.55	414.74
812	168	30.9	101144	16.35	101136	16.45	105517	95	31.33	1.41	6.33	532.89
813	168	31.0	101138	16.28	101140	16.5	105454	95	31.26	1.51	7.5	497.77
814	169	31.0	101141	15.98	101143	16.18	105388	95	31.36	1.42	10.02	490.98
815	169	31.0	101140	16.31	101136	16.81	105514	95	31.32	1.4	1.83	441.09
816	167	31.0	101137	16.37	101137	16.39	105562	95	31.44	1.51	5.93	360.14
817	169	31.0	101137	16.15	101144	15.77	105521	95	31.25	1.47	7.84	506.3
818	167	30.9	101140	16.37	101136	15.77	105522	95	31.5	1.48	2.3	400.42
819	172	31.0	101142	16.39	101141	16.43	106152	96	31.36	1.51	4.75	535.43
820	167	31.0	101146	15.84	101137	16.1	105454	95	31.44	1.54	5.95	534.47
821	169	31.0	101139	15.99	101135	16.23	105350	95	31.22	1.44	5.09	474.51
822	169	31.0	101133	16.97	101138	16.07	105957	96	31.34	1.56	7.75	479.55
823	167	31.1	101142	16.76	101140	16.54	106024	96	31.33	1.46	1.89	406.66
824	168	31.0	101134	16.43	101136	16.37	105378	95	31.38	1.55	6.61	513.62
825	168	31.0	101139	16.4	101136	16.3	105431	95	31.35	1.5	7.49	465.66
826	167	31.0	101142	16.38	101135	16.22	105948	96	31.46	1.47	3.76	410.61
827	166	31.2	101132	16.44	101137	16.3	106130	96	31.27	1.44	6.74	402.75
828	167	31.0	101138	16.42	101139	16.77	105522	95	31.38	1.45	7.73	542.84
829	166	31.0	101140	16.2	101146	15.84	105374	95	31.22	1.52	5.18	484.74
830	168	31.2	101145	16.51	101142	16.1	105923	96	31.32	1.48	2.32	371.96
831	166	31.1	101142	16.25	101147	16.2	105725	96	31.44	1.43	5.22	376.08
832	166	31.1	101145	15.62	101140	16.13	105240	95	31.22	1.49	4.69	401.97
833	167	30.9	101137	15.8	101141	16.27	105545	95	31.41	1.5	2.11	359.19
834	168	31.0	101141	16.18	101138	16.03	105655	96	31.26	1.54	4.47	477.39
835	166	31.1	101141	16.43	101142	16.09	105208	95	31.22	1.46	5.25	390.34
836	169	31.1	101140	16.63	101140	16.71	105255	95	31.39	1.44	6.22	421.32
837	165	31.2	101137	16.59	101146	16.63	105317	95	31.33	1.43	5.59	548.28
838	167	31.2	101146	16.11	101139	16.47	105817	96	31.35	1.54	12.54	406.18
839	166	30.9	101137	16.49	101137	16.86	105211	95	31.31	1.45	4.56	381.27
840	166	31.0	101139	16.11	101141	16.21	105513	95	31.32	1.43	5.3	403.3
841	166	31.0	101141	16.22	101146	15.61	105381	95	31.34	1.52	8.46	412.28
842	166	31.2	101142	16.32	101142	16.43	104804	95	31.17	1.59	7.21	474.43
843	166	31.0	101139	15.92	101137	16.08	105249	95	31.34	1.5	7.66	414.92
844	168	31.0	101142	16.05	101140	15.96	105262	95	31.46	1.5	7.53	394.88
845	168	31.0	101132	16.96	101139	16.51	105810	96	31.29	1.42	1.41	427.97
846	170	31.1	101135	16.47	101139	16.29	104998	95	31.44	1.42	5.15	406.18
847	169	31.2	101147	16.15	101140	16.25	105314	95	31.23	1.39	0.8	475.28
848	166	31.1	101138	16.05	101148	16.06	105408	95	31.29	1.56	8.54	410.34
849	166	30.9	101139	16.45	101135	16.28	105625	96	31.24	1.4	1.74	528.4
850	174	31.0	101145	15.92	101142	16.67	105188	95	31.36	1.47	6.16	479.46
851	166	31.0	101136	16.14	101138	16.55	105230	95	31.25	1.55	7.72	534.5
852	167	31.0	101139	16.43	101135	16.24	105624	96	31.32	1.57	3.82	464.62
853	166	31.0	101140	16.39	101135	16.4	105299	95	31.24	1.5	3.7	469.82
854	166	31.1	101136	16.41	101142	16.58	105511	95	31.48	1.36	16.55	432.2
855	165	31.0	101132	17.17	101139	16.36	105160	95	31.28	1.56	9.07	502.19
856	166	30.9	101138	16.29	101138	16.3	105180	95	31.46	1.49	3.32	487.33
857	167	31.0	101142	15.8	101146	15.39	105060	95	31.2	1.53	13.69	451.18
858	170	31.0	101142	16.1	101140	15.95	105047	95	31.42	1.48	10.63	439.77
859	167	31.0	101132	16.54	101135	16.71	104874	95	31.46	1.41	4.2	488.98
860	167	30.9	101138	16.87	101136	16.75	105038	95	31.23	1.54	8.71	508.88
861	168	30.9	101144	16.29	101151	15.75	104999	95	31.36	1.47	7.87	457.02
862	166	31.1	101142	15.71	101148	15.47	104808	95	31.22	1.51	6.17	441.01
863	168	30.9	101145	16.2	101140	15.57	105545	95	31.22	1.56	13.17	369.23
864	166	31.1	101138	16.11	101136	16.85	105045	95	31.27	1.51	8.63	524.45
865	169	31.0	101146	16.28	101140	15.57	105689	96	31.31	1.42	11.8	513.42
866	167	31.1	101139	16.18	101144	16.08	105751	96	31.33	1.42	13.34	551.87
867	170	31.1	101137	16.31	101138	16.54	105942	96	31.38	1.52	27.44	373.16
868	171	31.1	101138	16.33	101138	16.62	105446	95	31.35	1.46	12.27	449.02
869	169	30.9	101135	16.43	101130	16.24	105352	95	31.24	1.43	7.36	493.03
870	165	31.0	101139	16.54	101135	16.38	105472	95	31.38	1.52	2.53	372.03
871	170	31.0	101138	16.43	101135	16.42	105803	96	31.35	1.41	7.57	523.03
872	173	31.0	101133	16.61	101139	16.3	104795	95	31.25	1.35	17.57	413.39
873	165	31.0	101136	16.49	101140	16.36	105671	96	31.32	1.53	7.94	475.65
874	167	30.9	101136	16.68	101134	16.59	105712	96	31.41	1.44	3.24	473.73
875	165	31.0	101134	16.91	101128	16.75	105868	96	31.26	1.51	4.27	387.98
876	167	31.0	101136	16.14	101141	15.98	105342	95	31.32	1.49	11.64	416.12
877	165	31.0	101134	16.37	101139	16.04	105099	95	31.46	1.61	13.97	473.72
878	165	31.1	101138	16.36	101140	16.77	105770	96	31.27	1.55	4.53	522.85
879	168	31.2	101142	16.27	101148	15.73	105863	96	31.31	1.41	10.82	496.47
880	165	31.0	101145	16.09	101142	16.11	105432	95	31.27	1.56	5.21	447.74
881	168	30.9	101153	15.56	101141	16.32	105627	96	31.32	1.54	1.01	514.82
882	165	31.1	101140	15.84	101143	16.7	105637	96	31.36	1.51	4.51	471.96
883	169	31.1	101133	16.81	101134	15.74	106000	96	31.32	1.49	3.21	462.16
884	165	31.1	101140	15.77	101140	16.23	105677	96	31.33	1.5	2.78	434.41
885	165	31.1	101143	16.1	101133	16.33	105426	95	31.22	1.56	4.76	350.53
886	167	31.2	101145	16.26	101142	16.39	105928	96	31.34	1.42	4.27	416.61
887	165	31.2	101137	15.68	101142	16.17	105587	95	31.43	1.45	7.29	499.68
888	169	31.0	101146	15.77	101144	15.66	105563	95	31.3	1.4	4.8	542.79
889	165	31.0	101148	15.41	101143	15.87	105542	95	31.4	1.44	0.99	420.02
890	166	31.1	101137	16.44	101141	16.05	106250	96	31.27	1.45	2.25	432.2
891	165	31.0	101142	15.83	101139	16.55	106033	96	31.57	1.43	1.86	367.44
892	165	31.0	101135	16.69	101138	16.31	106302	96	31.41	1.69	25.29	399.7
893	169	31.0	101139	16.24	101139	16.42	106584	96	31.27	1.44	9.37	379.65
894	171	31.1	101140	16.67	101137	16.66	107037	97	31.32	1.51	4.54	363.64
895	165	31.0	101140	15.84	101147	15.9	107068	97	31.22	1.41	11.89	390.99
896	167	31.1	101139	17.01	101137	16.0	107199	97	31.52	1.45	9.46	461.0
897	167	31.1	101139	16.13	101139	16.33	107658	97	31.37	1.57	8.95	359.07
898	165	31.1	101146	15.75	101139	16.25	107341	97	31.32	1.47	10.58	516.41
899	164	31.1	101140	16.28	101137	16.6	106874	97	31.36	1.53	10.39	353.42
900	167	31.0	101140	16.08	101143	15.74	107305	97	31.42	1.42	8.49	496.63
901	169	31.1	101143	16.35	101139	16.46	107152	97	31.33	1.45	9.37	545.88
902	167	31.0	101134	15.96	101139	15.89	107023	97	31.31	1.4	4.43	509.9
903	168	31.1	101139	16.48	101140	16.42	106798	97	31.45	1.44	9.1	436.14
904	167	31.1	101137	16.63	101138	16.21	106877	97	31.37	1.52	3.16	545.36
905	170	31.1	101139	15.99	101137	16.32	107041	97	31.3	1.52	4.21	449.45
906	167	31.2	101138	16.14	101138	16.44	106358	96	31.26	1.28	34.18	415.11
907	165	31.1	101142	15.53	101141	16.13	106287	96	31.34	1.62	24.27	350.07
908	165	31.0	101134	17.08	101138	16.54	106389	96	31.5	1.51	9.08	460.24
909	165	31.2	101134	16.36	101137	16.32	106582	96	31.28	1.55	3.02	426.47
910	165	31.0	101135	16.64	101136	16.55	105653	96	31.36	1.46	1.59	407.66
911	166	31.1	101133	16.87	101134	16.58	106302	96	31.32	1.41	8.64	489.58
912	166	31.2	101142	16.3	101134	16.68	106246	96	31.32	1.45	8.04	392.75
913	164	30.9	101135	16.52	101144	16.01	106286	96	31.28	1.41	7.81	378.99
914	165	31.1	101143	16.05	101140	16.59	106049	96	31.4	1.41	4.64	472.12
915	166	31.0	101133	16.67	101138	15.9	106264	96	31.24	1.41	5.47	534.86
916	167	31.2	101145	16.1	101142	15.77	106502	96	31.34	1.46	9.39	346.86
917	167	31.1	101143	16.31	101133	16.4	106137	96	31.32	1.55	7.76	452.13
918	164	30.9	101139	16.62	101130	16.48	106266	96	31.34	1.47	4.72	448.33
919	166	30.9	101138	16.68	101140	16.41	105973	96	31.28	1.55	4.97	526.49
920	166	31.1	101135	16.64	101133	16.41	106114	96	31.22	1.57	4.08	487.43
921	164	30.9	101131	16.42	101135	16.44	105508	95	31.27	1.52	5.59	363.69
922	169	31.1	101140	16.41	101135	16.31	105671	96	31.18	1.47	3.41	352.98
923	168	31.1	101137	16.5	101137	16.03	105767	96	31.29	1.45	7.61	377.21
924	164	31.1	101137	16.12	101134	16.32	106311	96	31.41	1.53	5.84	414.48
925	167	31.0	101136	16.11	101137	16.85	105367	95	31.43	1.52	2.32	382.52
926	167	31.1	101140	16.74	101131	16.39	106051	96	31.51	1.44	3.73	507.66
927	164	31.1	101136	16.61	101137	15.67	106021	96	31.28	1.45	2.36	460.65
928	164	31.1	101140	15.86	101143	16.24	106238	96	31.13	1.44	7.89	525.92
929	166	31.1	101147	16.32	101137	16.07	105743	96	31.35	1.54	2.91	482.22
930	165	31.1	101141	16.6	101134	16.83	105751	96	31.33	1.4	5.61	455.38
931	166	31.1	101144	16.6	101139	15.91	106375	96	31.31	1.48	7.83	514.46
932	165	31.1	101141	15.98	101142	16.34	106133	96	31.41	1.5	1.58	364.64
933	166	31.2	101137	16.47	101138	16.91	105738	96	31.48	1.62	37.44	536.5
934	165	31.2	101140	15.95	101142	16.06	105761	96	31.22	1.41	4.84	429.65
935	164	31.0	101140	16.09	101136	15.7	106189	96	31.45	1.52	4.22	479.76
936	164	31.1	101146	14.94	101151	16.03	106143	96	31.28	1.48	4.56	467.85
937	166	31.2	101149	15.8	101145	15.47	105392	95	31.22	1.41	9.24	530.93
938	164	31.2	101143	16.49	101140	16.15	105658	96	31.22	1.52	5.92	486.04
939	164	31.0	101140	16.94	101143	15.85	106010	96	31.4	1.4	5.19	488.33
940	164	31.2	101139	16.43	101136	16.95	105978	96	31.22	1.41	8.31	395.1
941	164	31.1	101136	16.37	101147	15.84	105906	96	31.4	1.42	5.61	488.24
942	164	31.1	101143	15.77	101137	15.84	105962	96	31.28	1.56	1.96	439.29
943	167	31.1	101139	16.54	101137	16.17	105767	96	31.22	1.57	4.87	478.44
944	165	31.1	101143	16.22	101144	16.57	106019	96	31.25	1.53	2.92	495.49
945	168	31.0	101140	15.97	101137	16.06	105553	95	31.27	1.51	4.87	464.5
946	164	31.1	101141	16.25	101141	16.21	105859	96	31.34	1.55	2.81	490.55
947	164	31.1	101139	16.48	101140	16.23	106296	96	31.4	1.51	5.62	361.5
948	166	31.0	101147	16.59	101144	16.03	105707	96	31.36	1.44	5.76	533.44
949	166	31.1	101135	15.54	101143	16.43	105788	96	31.27	1.56	5.87	428.45
950	166	31.1	101134	15.99	101132	16.14	105530	95	31.22	1.52	10.07	457.07
951	164	31.1	101140	16.2	101142	16.33	105905	96	31.23	1.55	2.67	360.27
952	164	31.2	101148	16.05	101142	16.28	105486	95	31.38	1.48	13.21	438.02
953	166	31.1	101140	16.6	101133	16.72	105951	96	31.4	1.45	7.29	452.94
954	165	31.1	101144	16.3	101140	16.42	105858	96	31.27	1.54	6.93	498.77
955	169	31.0	101140	16.21	101144	16.03	105807	96	31.49	1.45	3.78	457.02
956	167	31.2	101133	16.87	101143	16.12	105475	95	31.4	1.43	5.47	445.92
957	164	31.0	101141	16.12	101141	15.93	105554	95	31.35	1.4	1.0	436.11
958	164	31.1	101138	16.55	101143	15.88	105227	95	31.32	1.42	8.98	412.22
959	172	31.1	101150	15.86	101137	17.12	105852	96	31.45	1.47	7.34	462.41
960	164	31.1	101136	16.91	101138	16.58	105047	95	31.19	1.53	4.97	370.44
961	165	31.1	101137	16.51	101143	16.24	105438	95	31.22	1.47	7.52	433.55
962	166	31.1	101134	16.22	101140	16.18	105854	96	31.36	1.39	2.18	490.69
963	163	31.0	101146	15.84	101139	15.9	105037	95	31.27	1.46	3.31	483.76
964	166	31.0	101137	16.47	101139	15.93	105231	95	31.41	1.55	7.85	430.83
965	164	31.1	101139	16.26	101133	16.46	105311	95	31.37	1.45	3.31	461.98
966	166	31.1	101145	16.3	101139	16.85	105257	95	31.32	1.48	2.42	412.29
967	168	31.1	101144	15.84	101146	15.78	104950	95	31.38	1.5	6.17	376.36
968	167	31.1	101144	15.83	101143	16.04	105239	95	31.36	1.52	4.19	400.45
969	166	31.0	101139	16.12	101143	16.0	105558	95	31.29	1.44	10.91	387.07
970	167	31.1	101145	16.11	101143	16.46	105821	96	31.22	1.45	6.55	358.12
971	164	31.1	101144	16.0	101148	15.85	105291	95	31.32	1.43	9.1	472.81
972	164	31.1	101141	16.07	101140	15.96	105797	96	31.44	1.54	8.86	380.08
973	163	31.1	101142	16.27	101137	16.43	105994	96	31.4	1.47	2.37	379.25
974	163	31.0	101142	15.91	101138	16.24	105781	96	31.22	1.48	8.86	457.3
975	165	31.1	101136	16.71	101145	16.19	105490	95	31.27	1.44	7.44	368.47
976	167	31.1	101143	15.84	101146	15.82	105930	96	31.39	1.53	4.34	363.52
977	164	31.1	101144	15.88	101144	16.22	105741	96	31.5	1.53	0.42	509.59
978	164	31.1	101142	15.53	101141	16.14	105192	95	31.39	1.51	3.34	455.6
979	164	31.1	101143	15.93	101141	16.33	105705	96	31.45	1.46	9.0	358.64
980	167	31.1	101140	16.39	101140	16.36	106015	96	31.35	1.48	3.35	536.6
981	171	31.1	101140	15.67	101138	16.06	105616	96	31.36	1.53	6.81	411.7
982	163	31.1	101138	16.24	101138	16.35	105696	96	31.37	1.46	4.92	430.75
983	164	31.2	101134	16.05	101140	16.27	105779	96	31.36	1.42	7.26	541.82
984	164	31.1	101142	16.47	101141	16.24	105630	96	31.54	1.47	9.0	481.78
985	167	31.1	101138	16.8	101135	16.2	105001	95	31.28	1.45	3.66	536.87
986	165	31.1	101142	15.89	101145	15.7	105689	96	31.28	1.56	5.77	504.12
987	167	31.1	101139	15.8	101133	16.48	105262	95	31.44	1.41	7.68	440.05
988	169	31.1	101144	16.42	101145	15.82	105457	95	31.29	1.53	5.37	416.14
989	167	31.1	101149	16.34	101146	15.93	105535	95	31.28	1.49	5.77	504.3
990	167	31.2	101142	16.1	101139	16.94	105369	95	31.18	1.45	5.84	495.22
991	166	31.1	101144	16.51	101140	15.86	105278	95	31.37	1.49	7.03	500.17
992	163	31.1	101144	15.99	101148	15.95	105558	95	31.41	1.57	8.13	413.21
993	167	31.1	101142	16.28	101139	16.12	105140	95	31.27	1.46	3.61	423.28
994	163	31.1	101137	16.0	101144	15.95	104978	95	31.23	1.56	8.29	360.43
995	163	31.0	101138	16.13	101142	16.05	105565	95	31.22	1.46	2.42	448.48
996	166	31.0	101146	16.57	101142	16.39	104698	95	31.18	1.46	5.01	377.52
997	164	31.1	101141	16.45	101145	16.84	104875	95	31.2	1.49	8.93	450.6
998	163	31.1	101144	16.19	101140	16.36	105153	95	31.4	1.47	4.32	411.65
999	163	31.0	101141	16.38	101140	16.19	105017	95	31.34	1.49	5.45	433.55
1000	168	31.1	101149	16.11	101147	16.09	104958	95	31.34	1.43	7.28	432.59
