1	155	30.3	101157	15.62	101151	15.29	103883	94	31.32	1.46	5.36	381.23
2	158	30.4	101165	14.34	101153	14.78	104162	94	31.5	1.53	2.34	437.13
3	156	30.3	101148	15.78	101146	15.48	104131	94	31.34	1.43	6.8	519.1
4	159	30.3	101156	15.45	101155	14.98	103694	94	31.46	1.37	8.16	475.04
5	154	30.4	101148	14.57	101159	14.73	104033	94	31.37	1.42	3.76	395.07
6	157	30.6	101155	14.71	101148	15.83	103777	94	31.38	1.43	3.3	448.91
7	156	30.5	101154	15.03	101153	15.06	104058	94	31.52	1.44	4.63	434.68
8	155	30.5	101153	14.79	101155	14.69	103808	94	31.45	1.52	6.94	469.94
9	154	30.5	101159	15.45	101155	15.44	103875	94	31.31	1.45	8.72	534.2
10	156	30.5	101148	15.48	101155	14.99	103693	94	31.35	1.37	7.53	401.87
11	159	30.5	101155	14.89	101149	15.67	103493	94	31.51	1.48	7.83	414.46
12	155	30.5	101156	15.12	101155	14.79	103950	94	31.48	1.53	4.46	485.46
13	154	30.5	101159	14.46	101162	14.61	103773	94	31.4	1.38	6.14	394.55
14	157	30.5	101150	14.52	101158	15.48	103782	94	31.51	1.42	5.82	425.42
15	154	30.6	101159	14.5	101160	13.97	103983	94	31.42	1.49	3.6	410.4
16	156	30.4	101167	14.79	101157	14.94	103848	94	31.34	1.42	9.44	404.96
17	155	30.5	101149	15.55	101157	14.29	103500	94	31.5	1.44	4.76	507.57
18	154	30.4	101159	14.85	101158	15.53	103746	94	31.54	1.43	5.38	484.59
19	154	30.6	101156	14.85	101159	14.84	103553	94	31.32	1.43	8.22	444.06
20	156	30.5	101159	15.62	101156	14.76	103898	94	31.41	1.42	3.21	446.77
21	156	30.4	101158	15.33	101160	14.9	103669	94	31.37	1.43	3.13	423.68
22	154	30.5	101159	14.9	101156	14.9	103750	94	31.45	1.42	8.66	429.56
23	158	30.4	101156	15.4	101157	14.6	103775	94	31.45	1.5	1.4	438.48
24	157	30.6	101163	14.85	101163	14.68	103597	94	31.36	1.49	8.09	462.54
25	154	30.4	101154	15.6	101145	15.22	103752	94	31.44	1.4	3.66	425.37
26	156	30.6	101149	14.97	101150	15.77	103967	94	31.45	1.41	1.28	476.22
27	159	30.6	101160	14.98	101156	14.9	103841	94	31.32	1.43	5.07	474.45
28	154	30.6	101154	15.13	101148	14.88	103729	94	31.22	1.55	3.52	531.97
29	155	30.6	101161	14.51	101157	15.03	103526	94	31.55	1.45	9.11	428.81
30	156	30.5	101156	15.53	101157	14.86	103832	94	31.32	1.52	7.62	476.55
31	154	30.5	101156	14.65	101159	14.48	104114	94	31.48	1.39	7.6	363.4
32	156	30.4	101159	14.85	101159	14.92	103686	94	31.32	1.49	3.96	539.57
33	154	30.4	101153	14.86	101155	15.22	103639	94	31.36	1.5	4.06	401.52
34	154	30.5	101156	14.94	101158	15.34	103712	94	31.32	1.47	9.58	488.47
35	153	30.5	101154	15.54	101150	15.47	103760	94	31.41	1.45	5.18	553.42
36	160	30.4	101148	15.73	101146	15.14	103210	93	31.41	1.51	6.45	392.3
37	156	30.5	101151	14.57	101162	15.03	103439	94	31.26	1.43	5.34	547.26
38	157	30.5	101161	14.59	101157	14.87	103618	94	31.45	1.5	5.54	442.36
39	157	30.4	101153	15.51	101147	14.44	103502	94	31.35	1.53	7.5	365.34
40	156	30.4	101156	15.04	101153	15.07	103738	94	31.46	1.48	4.79	382.05
41	158	30.5	101147	15.09	101157	14.64	103391	93	31.49	1.48	9.42	412.35
42	156	30.5	101156	15.4	101150	15.45	103843	94	31.34	1.49	6.11	354.54
43	154	30.5	101154	15.04	101150	14.44	103666	94	31.39	1.43	7.11	533.54
44	155	30.4	101160	14.91	101153	15.46	103598	94	31.6	1.44	2.48	464.54
45	154	30.4	101157	14.67	101158	14.5	103429	94	31.45	1.4	3.48	547.63
46	156	30.5	101158	14.5	101160	14.95	103418	94	31.45	1.5	5.12	474.5
47	156	30.4	101158	14.16	101156	15.78	103748	94	31.36	1.43	3.38	382.52
48	159	30.5	101160	14.43	101158	14.93	103986	94	31.43	1.49	2.58	423.5
49	158	30.7	101163	14.35	101159	15.02	103871	94	31.36	1.47	0.71	535.54
50	156	30.6	101168	14.87	101156	14.84	103314	93	31.54	1.45	7.13	469.23
51	154	30.6	101155	15.04	101155	14.88	103771	94	31.49	1.51	7.48	464.37
52	157	30.5	101152	15.12	101160	14.75	103575	94	31.41	1.46	4.18	501.36
53	154	30.6	101156	15.64	101156	14.9	103693	94	31.56	1.49	5.89	524.4
54	156	30.6	101154	15.12	101154	15.59	103667	94	31.41	1.43	6.96	512.6
55	154	30.5	101148	15.13	101155	15.58	103625	94	31.46	1.41	2.02	481.55
56	154	30.6	101157	14.86	101154	14.97	103964	94	31.51	1.5	1.29	478.6
57	157	30.6	101148	14.79	101150	15.45	103681	94	31.38	1.5	1.1	542.58
58	156	30.6	101157	14.6	101159	14.86	103852	94	31.31	1.5	1.87	512.68
59	155	30.6	101158	14.34	101158	14.84	103628	94	31.52	1.42	3.62	534.91
60	156	30.5	101155	15.0	101156	15.0	103447	94	31.48	1.4	5.43	353.92
61	157	30.6	101159	14.9	101149	14.81	103157	93	31.36	1.53	2.04	444.02
62	154	30.5	101153	15.03	101158	14.9	103756	94	31.59	1.46	8.67	543.14
63	154	30.6	101155	14.76	101158	14.66	103472	94	31.53	1.5	3.27	517.02
64	156	30.6	101158	14.39	101146	14.48	103119	93	31.42	1.49	3.63	423.63
65	156	30.5	101147	14.76	101148	15.22	103097	93	31.41	1.5	9.17	378.73
66	154	30.6	101155	14.71	101159	14.81	103390	93	31.45	1.48	3.05	440.8
67	155	30.5	101155	14.48	101160	14.96	103660	94	31.48	1.5	2.87	507.87
68	155	30.7	101155	15.18	101156	14.95	103419	94	31.35	1.46	5.61	519.68
69	154	30.6	101153	14.97	101152	14.95	103237	93	31.3	1.38	3.35	481.85
70	157	30.6	101157	15.48	101149	14.56	103808	94	31.46	1.38	0.85	358.94
71	155	30.7	101153	15.69	101157	14.8	103411	94	31.45	1.45	4.74	452.71
72	154	30.6	101152	15.43	101150	14.69	103460	94	31.54	1.52	8.83	493.4
73	156	30.6	101155	15.62	101148	15.73	103836	94	31.54	1.44	2.43	411.36
74	156	30.5	101154	14.88	101159	14.95	102956	93	31.53	1.49	0.89	527.41
75	157	30.7	101148	15.45	101163	14.45	103135	93	31.42	1.52	7.43	530.48
76	154	30.6	101150	14.92	101156	14.91	103369	93	31.49	1.38	7.53	478.46
77	160	30.6	101148	15.69	101153	14.84	103210	93	31.34	1.54	1.78	512.41
78	160	30.5	101160	14.58	101162	14.66	103464	94	31.55	1.53	7.99	416.33
79	154	30.6	101158	14.39	101150	14.63	102826	93	31.41	1.49	2.43	374.5
80	157	30.5	101149	15.05	101157	15.04	103484	94	31.48	1.44	7.46	449.47
81	156	30.6	101152	14.79	101147	14.99	103339	93	31.36	1.45	4.26	414.8
82	154	30.7	101160	14.67	101157	14.98	103081	93	31.52	1.46	9.94	548.18
83	154	30.6	101155	14.56	101153	15.43	101652	92	31.43	1.41	5.58	548.01
84	158	30.6	101161	14.76	101148	15.59	105498	95	31.46	1.38	8.37	542.91
85	154	30.6	101159	14.74	101155	14.93	106647	96	31.37	1.45	10.87	415.07
86	154	30.6	101157	14.57	101158	14.77	107761	97	31.57	1.5	28.55	518.92
87	159	30.6	101159	14.24	101159	14.16	108391	98	31.46	1.54	5.6	473.54
88	150	30.6	101164	14.68	101162	14.6	107298	97	31.36	1.49	4.67	395.24
89	150	30.7	101157	14.88	101154	15.12	107177	97	31.37	1.44	3.81	490.32
90	149	30.5	101157	14.91	101154	15.03	106275	96	31.27	1.4	13.97	548.85
91	152	30.6	101150	15.49	101152	14.88	105378	95	31.47	1.6	6.2	387.63
92	148	30.6	101154	15.55	101152	14.84	105911	96	31.32	1.4	20.83	535.39
93	149	30.6	101159	14.95	101156	15.73	105405	95	31.44	1.55	9.83	361.58
94	150	30.7	101156	15.02	101163	15.2	105919	96	31.5	1.47	10.98	416.8
95	149	30.6	101157	14.88	101150	14.8	104442	94	31.46	1.45	5.47	509.9
96	149	30.6	101150	15.52	101150	15.45	98160	89	31.41	1.51	6.39	502.89
97	151	30.6	101150	15.62	101148	15.53	108824	98	31.54	1.5	5.89	372.47
98	150	30.6	101148	15.46	101149	15.79	108750	98	31.5	1.55	10.14	441.48
99	150	30.6	101147	15.49	101147	14.93	104568	95	31.46	1.4	3.32	450.54
100	154	30.7	101159	14.48	101156	14.31	107462	97	31.56	1.48	5.38	391.75
101	154	30.6	101157	14.82	101151	14.98	106024	96	31.53	1.55	3.53	369.59
102	154	30.6	101156	15.28	101152	15.61	105468	95	31.48	1.43	7.06	355.35
103	156	30.7	101159	15.01	101157	14.86	105500	95	31.41	1.47	2.93	383.06
104	150	30.6	101158	14.68	101158	15.38	105869	96	31.53	1.52	3.3	511.0
105	151	30.6	101160	14.69	101159	15.37	105945	96	31.61	1.49	9.34	501.7
106	151	30.7	101153	15.2	101157	14.68	105954	96	31.43	1.52	10.75	387.21
107	151	30.6	101149	15.84	101145	15.43	105448	95	31.45	1.5	7.88	420.98
108	151	30.6	101156	14.96	101157	15.44	105593	95	31.66	1.46	1.76	481.06
109	151	30.6	101155	14.92	101158	15.54	105820	96	31.52	1.49	2.79	432.73
110	152	30.6	101158	15.39	101150	14.92	105787	96	31.48	1.49	5.18	403.93
111	155	30.6	101148	15.35	101151	14.77	106009	96	31.5	1.44	5.93	496.84
112	152	30.6	101154	14.87	101145	15.48	105792	96	31.52	1.41	4.12	547.88
113	153	30.6	101154	14.96	101156	15.1	105867	96	31.61	1.51	7.2	546.77
114	154	30.7	101146	15.48	101144	15.81	105574	95	31.49	1.43	6.11	379.51
115	155	30.6	101141	15.92	101156	15.02	105196	95	31.45	1.42	12.67	454.97
116	156	30.6	101156	15.03	101149	15.89	104969	95	31.49	1.42	6.69	433.17
117	153	30.6	101145	14.92	101156	14.94	105044	95	31.38	1.48	8.28	375.12
118	156	30.6	101156	14.91	101158	14.99	105334	95	31.59	1.45	6.94	495.87
119	155	30.6	101160	14.58	101155	14.95	106360	96	31.39	1.37	9.25	430.87
120	155	30.6	101160	14.94	101153	14.38	108354	98	31.46	1.47	10.25	366.5
121	156	30.5	101159	15.07	101156	14.99	107664	97	31.38	1.41	6.36	405.26
122	154	30.7	101161	14.85	101156	14.76	106359	96	31.5	1.5	27.33	365.39
123	154	30.6	101150	15.67	101153	14.42	107303	97	31.6	1.53	2.49	533.51
124	155	30.6	101152	15.78	101150	14.83	107319	97	31.46	1.52	41.68	549.57
125	159	30.6	101152	15.43	101151	14.95	107973	98	31.46	1.52	7.17	542.79
126	153	30.6	101156	15.54	101148	15.03	107628	97	31.45	1.45	9.14	523.9
127	153	30.6	101147	15.11	101147	14.81	107694	97	31.36	1.42	1.3	381.75
128	155	30.7	101156	15.9	101158	15.68	108071	98	31.48	1.53	4.83	474.66
129	155	30.7	101148	15.02	101148	15.2	108021	98	31.5	1.47	3.24	382.67
130	154	30.7	101160	15.21	101144	15.84	107904	98	31.62	1.54	6.45	449.81
131	156	30.5	101157	14.75	101153	14.23	107913	98	31.37	1.43	5.3	436.79
132	155	30.7	101161	15.0	101148	15.54	107822	98	31.64	1.44	4.72	484.7
133	156	30.6	101147	16.0	101146	15.52	107597	97	31.51	1.48	1.27	459.67
134	152	30.6	101154	15.05	101157	15.06	107467	97	31.55	1.54	7.93	415.56
135	153	30.7	101160	15.41	101156	15.04	107694	97	31.41	1.52	4.59	530.48
136	153	30.6	101159	15.34	101149	15.59	107980	98	31.46	1.39	1.78	354.37
137	155	30.6	101147	14.85	101150	15.31	107432	97	31.46	1.48	7.89	395.43
138	155	30.7	101154	15.01	101154	15.97	107805	98	31.46	1.42	7.26	479.24
139	155	30.7	101156	15.33	101150	15.45	107711	97	31.46	1.45	3.68	424.23
140	154	30.7	101145	15.57	101152	15.7	108024	98	31.47	1.51	3.23	443.28
141	153	30.7	101155	15.34	101153	14.74	107785	97	31.52	1.4	3.55	415.18
142	153	30.7	101156	14.6	101158	15.15	107641	97	31.46	1.47	8.31	472.0
143	154	30.7	101156	14.93	101150	15.38	107547	97	31.36	1.46	3.42	418.02
144	154	30.6	101157	15.1	101157	15.19	107859	98	31.48	1.57	2.06	383.93
145	154	30.7	101156	14.36	101150	15.36	107656	97	31.52	1.51	5.71	368.08
146	153	30.7	101155	15.0	101143	15.18	107456	97	31.49	1.39	1.58	372.06
147	159	30.7	101157	14.59	101150	15.45	108035	98	31.41	1.41	6.91	517.09
148	158	30.8	101148	15.6	101156	15.73	107508	97	31.45	1.41	6.88	448.98
149	155	30.7	101153	14.78	101157	15.44	107751	97	31.45	1.47	5.65	430.92
150	153	30.7	101150	15.07	101156	14.68	108055	98	31.52	1.47	3.15	438.83
151	152	30.8	101152	15.42	101146	14.55	107763	97	31.46	1.43	3.62	443.69
152	154	30.6	101160	14.87	101161	15.07	107614	97	31.43	1.51	4.02	417.84
153	153	30.7	101146	14.78	101160	15.18	107958	98	31.41	1.38	4.91	432.69
154	153	30.7	101153	15.2	101160	15.18	107883	98	31.45	1.52	7.87	483.5
155	156	30.8	101153	15.04	101155	14.58	107951	98	31.46	1.42	8.02	452.51
156	154	30.8	101151	14.5	101162	14.36	107548	97	31.42	1.46	7.35	497.44
157	158	30.7	101159	15.08	101156	14.96	107594	97	31.66	1.48	2.09	416.53
158	155	30.8	101153	14.86	101153	14.88	107857	98	31.46	1.44	4.93	445.47
159	156	30.7	101160	14.48	101163	14.47	107778	97	31.5	1.38	1.05	369.47
160	152	30.7	101159	14.93	101156	14.89	107962	98	31.65	1.49	5.84	390.57
161	152	30.7	101156	14.84	101151	15.71	107895	98	31.65	1.39	7.21	414.51
162	154	30.7	101150	14.8	101147	14.93	107842	98	31.54	1.48	3.05	535.52
163	152	30.7	101146	15.54	101146	15.66	107849	98	31.46	1.47	4.88	417.5
164	152	30.7	101149	15.76	101150	15.62	108310	98	31.56	1.54	2.69	446.38
165	152	30.7	101155	15.53	101152	15.34	108229	98	31.55	1.51	8.88	469.34
166	153	30.7	101155	14.79	101159	14.64	107685	97	31.5	1.46	8.15	512.21
167	156	30.7	101147	14.9	101154	14.96	107674	97	31.46	1.48	4.01	445.17
168	154	30.7	101156	14.86	101154	14.97	107971	98	31.45	1.47	0.95	437.26
169	154	30.8	101156	14.58	101156	14.68	107709	97	31.54	1.43	5.26	506.06
170	159	30.6	101156	15.36	101159	14.85	107624	97	31.51	1.53	8.13	487.07
171	152	30.7	101159	14.89	101155	14.58	107688	97	31.48	1.45	4.76	415.07
172	152	30.7	101155	14.88	101158	15.6	107693	97	31.61	1.37	7.85	456.0
173	152	30.7	101155	14.9	101159	14.74	107365	97	31.6	1.54	1.31	400.21
174	152	30.7	101160	14.98	101161	14.78	107938	98	31.57	1.44	5.52	519.2
175	152	30.7	101161	14.98	101155	15.51	107798	97	31.5	1.52	9.2	461.19
176	153	30.8	101156	15.11	101149	15.56	107793	97	31.58	1.4	4.33	547.09
177	154	30.6	101155	15.07	101162	14.9	107574	97	31.53	1.46	2.04	464.19
178	159	30.7	101148	15.42	101152	16.01	107976	98	31.36	1.39	7.23	472.25
179	151	30.7	101148	15.07	101149	15.03	108209	98	31.61	1.54	3.66	468.17
180	152	30.7	101154	15.16	101154	15.11	107719	97	31.42	1.43	4.37	397.03
181	154	30.7	101155	15.47	101157	14.75	107707	97	31.55	1.42	4.61	381.16
182	152	30.6	101149	15.89	101151	15.53	107387	97	31.47	1.44	5.55	457.08
183	153	30.7	101150	14.98	101143	15.36	107770	97	31.49	1.43	2.01	391.16
184	154	30.6	101157	14.93	101147	15.41	107474	97	31.43	1.47	7.29	501.28
185	151	30.7	101155	15.43	101155	14.99	107307	97	31.62	1.47	8.32	542.35
186	152	30.7	101144	14.96	101156	14.91	107573	97	31.47	1.45	3.68	493.41
187	152	30.6	101155	15.56	101155	14.92	107272	97	31.41	1.48	2.29	416.41
188	152	30.6	101149	15.38	101154	14.71	107636	97	31.55	1.49	0.91	359.42
189	155	30.7	101155	14.83	101150	15.71	107626	97	31.41	1.39	1.01	380.42
190	153	30.7	101149	15.87	101155	15.46	107230	97	31.43	1.49	3.19	490.29
191	152	30.7	101150	14.96	101151	15.42	107423	97	31.46	1.41	4.42	550.35
192	155	30.7	101145	15.82	101154	15.02	107733	97	31.6	1.48	2.05	536.34
193	156	30.8	101146	15.15	101155	15.32	107418	97	31.57	1.46	2.7	466.25
194	153	30.7	101156	14.99	101145	15.88	107442	97	31.63	1.4	7.45	384.34
195	151	30.7	101142	15.53	101154	15.9	107660	97	31.55	1.5	6.14	549.12
196	152	30.7	101154	14.93	101155	15.04	107732	97	31.56	1.41	1.95	435.15
197	151	30.7	101148	15.26	101148	15.41	107430	97	31.41	1.41	5.55	540.1
198	151	30.6	101161	15.06	101153	15.15	107471	97	31.56	1.46	5.15	524.05
199	154	30.7	101158	15.1	101153	15.14	107706	97	31.63	1.39	4.27	548.99
200	157	30.6	101157	15.5	101148	15.72	107397	97	31.64	1.47	5.71	381.82
201	154	30.7	101155	15.53	101149	15.55	107670	97	31.54	1.48	4.67	383.94
202	151	30.7	101153	15.96	101144	14.94	107261	97	31.48	1.54	5.44	376.29
203	152	30.7	101156	14.99	101155	14.74	107561	97	31.54	1.51	4.8	375.52
204	156	30.7	101156	14.97	101156	14.66	107656	97	31.55	1.51	6.48	453.37
205	153	30.7	101156	14.94	101150	15.01	107356	97	31.51	1.42	1.97	448.21
206	152	30.7	101151	15.49	101149	14.94	107941	98	31.55	1.4	7.32	503.35
207	151	30.7	101155	15.48	101154	15.69	107552	97	31.54	1.55	1.75	430.44
208	151	30.6	101155	14.9	101158	14.82	107567	97	31.52	1.41	4.27	354.43
209	150	30.7	101155	15.47	101148	16.23	107560	97	31.57	1.5	2.52	513.57
210	150	30.7	101148	15.56	101146	15.57	107707	97	31.51	1.45	7.49	355.44
211	152	30.7	101147	15.56	101158	15.07	107724	97	31.46	1.38	6.4	374.47
212	151	30.7	101155	15.01	101154	15.02	107117	97	31.57	1.44	8.06	487.5
213	151	30.7	101152	15.11	101146	15.12	107044	97	31.4	1.51	5.37	493.34
214	153	30.8	101150	14.91	101155	15.9	107328	97	31.46	1.44	6.15	364.31
215	158	30.7	101149	15.44	101156	15.19	107537	97	31.52	1.41	6.19	453.33
216	151	30.7	101156	14.98	101154	14.81	107604	97	31.51	1.55	7.08	465.33
217	155	30.7	101156	15.92	101154	14.88	107335	97	31.41	1.41	2.31	365.32
218	153	30.7	101148	15.11	101153	15.6	107323	97	31.46	1.51	6.67	550.21
219	155	30.6	101155	15.37	101155	14.9	107409	97	31.58	1.51	1.45	449.27
220	152	30.7	101154	14.97	101155	15.09	107586	97	31.41	1.45	4.28	482.25
221	153	30.7	101149	15.32	101156	14.94	107895	98	31.52	1.52	19.57	475.83
222	152	30.8	101147	15.31	101158	14.73	107274	97	31.5	1.51	21.58	484.38
223	164	30.7	101158	14.92	101155	14.99	107374	97	31.54	1.39	24.0	503.7
224	158	30.7	101148	15.55	101156	15.46	107068	97	31.53	1.54	21.97	356.88
225	153	30.7	101153	15.14	101145	14.88	107296	97	31.56	1.47	9.35	389.52
226	156	30.7	101161	14.99	101147	15.37	107342	97	31.55	1.56	15.08	383.36
227	163	30.8	101144	15.44	101152	14.78	107669	97	31.54	1.44	10.07	387.64
228	153	30.8	101154	14.96	101158	14.98	107359	97	31.51	1.36	15.83	445.42
229	153	30.7	101155	14.61	101150	15.1	107840	98	31.53	1.47	10.89	444.07
230	153	30.7	101153	15.02	101153	15.12	107384	97	31.44	1.51	8.83	367.27
231	151	30.7	101150	14.93	101152	15.53	107721	97	31.62	1.49	8.23	357.58
232	152	30.7	101148	15.09	101148	15.83	107788	97	31.38	1.43	7.46	505.79
233	151	30.7	101148	14.81	101158	15.45	107356	97	31.55	1.45	16.87	457.66
234	154	30.7	101151	14.97	101164	14.67	107641	97	31.51	1.4	16.35	385.72
235	152	30.6	101142	15.08	101159	15.73	107405	97	31.51	1.39	4.73	423.77
236	151	30.8	101160	14.65	101157	15.02	107397	97	31.57	1.37	9.63	504.36
237	156	30.7	101155	15.83	101147	15.63	107565	97	31.42	1.45	10.2	429.13
238	150	30.7	101146	14.94	101151	15.77	107058	97	31.54	1.43	5.59	446.23
239	152	30.7	101160	15.07	101155	15.56	107100	97	31.41	1.47	5.16	374.14
240	153	30.8	101142	15.59	101154	15.76	107475	97	31.6	1.45	8.32	411.42
241	150	30.7	101149	15.41	101150	14.66	106874	97	31.36	1.42	7.99	384.68
242	152	30.6	101147	15.53	101149	15.83	106639	96	31.56	1.39	5.97	405.48
243	152	30.7	101148	15.11	101147	15.14	107333	97	31.57	1.53	3.86	451.64
244	159	30.7	101157	15.1	101143	15.71	106579	96	31.51	1.51	7.46	486.58
245	159	30.7	101156	15.5	101158	15.08	106500	96	31.61	1.44	12.23	511.08
246	155	30.8	101158	15.38	101155	15.42	106119	96	31.55	1.5	13.95	420.43
247	155	30.8	101147	15.44	101156	14.76	106814	97	31.54	1.45	10.18	401.94
248	155	30.7	101160	15.35	101160	14.76	107045	97	31.52	1.38	4.11	447.11
249	154	30.7	101164	15.04	101158	14.79	106890	97	31.46	1.46	6.0	463.82
250	154	30.8	101158	15.11	101150	14.74	106850	97	31.48	1.36	2.05	515.97
251	155	30.7	101161	15.36	101158	15.37	106799	97	31.52	1.42	3.57	441.05
252	155	30.8	101155	15.13	101155	14.87	106937	97	31.41	1.4	6.75	425.57
253	154	30.7	101149	15.76	101154	15.69	107213	97	31.54	1.41	5.2	534.5
254	152	30.6	101159	14.86	101145	15.08	106820	97	31.52	1.35	10.43	461.2
255	154	30.7	101151	14.78	101150	15.13	106569	96	31.51	1.36	4.81	541.13
256	154	30.7	101150	14.62	101156	14.87	107315	97	31.63	1.45	9.32	357.8
257	156	30.7	101155	16.01	101144	15.71	106913	97	31.51	1.4	3.67	443.11
258	155	30.7	101146	15.85	101157	15.18	106783	97	31.51	1.51	7.3	506.21
259	161	30.7	101145	15.38	101157	14.84	106914	97	31.36	1.4	8.46	545.22
260	155	30.7	101157	14.92	101148	15.08	107115	97	31.48	1.54	6.41	511.03
261	153	30.8	101153	15.17	101154	15.65	106877	97	31.41	1.43	4.65	486.48
262	151	30.6	101149	15.55	101159	14.27	106473	96	31.54	1.37	6.94	353.43
263	153	30.8	101158	15.46	101155	14.74	106900	97	31.56	1.4	4.78	535.52
264	155	30.7	101154	15.1	101161	14.89	106379	96	31.36	1.47	3.64	438.44
265	151	30.7	101161	14.28	101158	14.52	106968	97	31.55	1.37	9.86	491.11
266	153	30.7	101169	14.07	101162	14.51	106333	96	31.61	1.53	4.01	401.32
267	155	30.8	101159	14.86	101162	14.53	106933	97	31.6	1.42	5.08	383.86
268	158	30.8	101161	14.48	101159	14.75	106401	96	31.46	1.39	7.25	425.96
269	153	30.6	101160	14.66	101161	14.23	106606	96	31.43	1.46	13.73	536.81
270	150	30.7	101161	14.6	101162	14.13	106134	96	31.52	1.39	6.23	541.84
271	150	30.8	101157	14.81	101161	14.28	106317	96	31.46	1.42	11.03	482.64
272	150	30.7	101159	14.5	101156	15.02	106410	96	31.56	1.41	8.87	365.84
273	151	30.8	101156	15.03	101157	15.1	106754	97	31.59	1.47	5.81	416.96
274	149	30.8	101162	14.84	101156	14.65	106228	96	31.65	1.48	3.11	464.73
275	148	30.8	101161	15.31	101161	14.68	106240	96	31.53	1.49	6.56	381.52
276	151	30.8	101161	14.37	101162	13.75	106545	96	31.6	1.42	4.46	540.52
277	148	30.7	101165	14.0	101161	14.54	106275	96	31.46	1.39	0.94	552.64
278	149	30.7	101164	14.41	101159	14.24	106612	96	31.65	1.38	4.88	548.27
279	156	30.8	101163	14.69	101158	14.88	105998	96	31.51	1.35	10.16	503.95
280	149	30.8	101164	14.68	101156	14.94	105830	96	31.36	1.37	4.32	470.27
281	150	30.8	101157	14.97	101156	14.82	106306	96	31.41	1.52	8.84	547.47
282	153	30.8	101154	15.08	101155	14.94	105836	96	31.46	1.52	3.57	504.71
283	155	30.7	101157	15.25	101157	15.14	105720	96	31.5	1.43	8.75	415.73
284	149	30.8	101158	14.74	101160	15.02	106057	96	31.74	1.39	7.11	502.69
285	151	30.8	101155	15.13	101157	15.49	105627	96	31.62	1.42	8.9	502.41
286	151	30.8	101155	14.6	101155	14.85	105957	96	31.56	1.41	4.79	434.25
287	150	30.8	101156	14.79	101155	14.91	105741	96	31.72	1.38	9.16	461.5
288	152	30.7	101160	14.88	101159	14.94	105637	96	31.67	1.37	9.09	440.23
289	149	30.8	101156	14.67	101153	15.61	105995	96	31.54	1.46	3.86	526.09
290	149	30.8	101149	14.92	101154	15.29	106346	96	31.43	1.46	3.15	474.04
291	151	30.8	101157	14.68	101149	15.6	106310	96	31.69	1.47	3.62	368.1
292	151	30.8	101149	15.01	101148	15.79	105677	96	31.65	1.49	1.15	398.06
293	148	30.9	101154	15.56	101153	14.82	105911	96	31.44	1.48	1.61	505.01
294	150	30.9	101156	14.82	101147	15.06	105977	96	31.53	1.42	9.48	396.22
295	151	30.8	101159	15.43	101154	15.1	106285	96	31.59	1.43	1.95	395.15
296	150	30.9	101159	15.48	101156	15.57	106105	96	31.55	1.43	4.87	469.17
297	151	30.9	101156	14.79	101156	14.91	105747	96	31.46	1.43	5.04	450.04
298	148	30.7	101161	14.7	101156	14.58	105860	96	31.66	1.4	2.97	447.94
299	150	30.8	101160	14.71	101156	14.92	105595	95	31.67	1.4	3.61	501.98
300	148	30.8	101156	14.87	101152	15.63	105823	96	31.58	1.38	3.47	535.11
301	148	30.8	101154	14.82	101153	15.03	105341	95	31.58	1.5	6.25	502.21
302	149	30.9	101157	14.85	101154	14.9	106022	96	31.47	1.52	4.42	367.35
303	151	30.9	101158	14.89	101161	14.75	105741	96	31.62	1.38	6.86	457.48
304	149	30.8	101159	15.69	101156	15.0	106194	96	31.57	1.46	4.13	359.49
305	149	30.8	101156	14.85	101158	14.41	106077	96	31.51	1.44	2.98	419.73
306	156	30.7	101161	14.94	101155	14.9	105912	96	31.45	1.4	8.4	541.81
307	153	30.7	101150	15.32	101158	14.76	105977	96	31.66	1.49	10.16	509.56
308	148	30.8	101154	15.77	101160	14.78	105524	95	31.48	1.47	3.0	548.83
309	150	30.8	101154	14.98	101156	14.99	105698	96	31.6	1.39	9.61	424.6
310	149	30.8	101158	14.72	101157	14.94	106072	96	31.65	1.45	7.24	534.81
311	148	30.9	101157	15.44	101164	14.59	105616	96	31.65	1.48	12.47	508.19
312	149	30.7	101146	15.6	101147	15.54	105192	95	31.6	1.4	12.13	459.46
313	150	30.8	101157	15.42	101150	15.47	105104	95	31.51	1.5	11.71	455.08
314	148	30.9	101154	15.63	101157	15.18	105496	95	31.51	1.39	14.0	550.92
315	154	30.8	101156	15.13	101150	15.54	105901	96	31.52	1.39	8.18	519.06
316	148	30.8	101157	14.97	101158	14.15	105098	95	31.53	1.51	19.64	442.83
317	148	30.7	101158	14.99	101158	15.02	105226	95	31.48	1.4	1.38	524.74
318	150	30.8	101149	15.69	101154	15.63	104351	94	31.64	1.47	2.06	407.6
319	150	30.8	101145	15.91	101151	15.87	103775	94	31.41	1.51	4.27	372.49
320	148	30.8	101144	14.9	101149	15.01	103904	94	31.58	1.44	6.71	367.19
321	154	30.7	101148	15.88	101156	15.58	104827	95	31.53	1.45	1.01	507.11
322	150	30.7	101151	15.67	101148	15.4	105112	95	31.53	1.32	16.49	548.97
323	150	30.8	101145	15.14	101147	15.65	105097	95	31.62	1.38	3.03	390.01
324	150	30.9	101146	15.46	101155	16.1	104923	95	31.62	1.48	8.73	357.36
325	150	30.9	101144	15.01	101159	14.88	104935	95	31.46	1.43	6.28	544.13
326	154	30.9	101149	15.05	101157	14.59	104975	95	31.68	1.42	3.87	534.43
327	150	30.8	101163	14.57	101161	14.5	105523	95	31.51	1.41	9.63	395.03
328	150	30.8	101162	14.67	101149	14.72	105676	96	31.57	1.41	8.37	361.1
329	154	30.8	101160	14.66	101156	15.08	105213	95	31.48	1.43	4.88	526.79
330	153	30.8	101161	14.59	101159	14.51	105028	95	31.41	1.45	5.93	487.54
331	147	30.9	101159	14.92	101148	15.41	105399	95	31.45	1.37	6.7	484.31
332	147	30.8	101156	15.59	101154	14.99	105503	95	31.52	1.42	6.98	405.17
333	146	30.9	101145	14.99	101157	15.19	105374	95	31.5	1.43	0.62	427.23
334	146	30.9	101153	15.87	101155	14.7	105225	95	31.69	1.46	7.57	418.98
335	145	30.8	101156	14.59	101154	15.47	105744	96	31.55	1.48	4.26	509.98
336	145	30.9	101154	15.5	101154	15.15	105621	96	31.46	1.47	5.08	412.08
337	150	30.8	101148	15.04	101153	15.22	105515	95	31.39	1.39	6.2	495.33
338	152	30.9	101159	15.37	101150	14.61	105020	95	31.58	1.43	2.35	443.4
339	145	30.9	101149	15.73	101148	16.28	105010	95	31.46	1.38	4.63	434.2
340	147	30.9	101154	15.8	101149	15.83	105359	95	31.49	1.41	3.95	418.08
341	144	30.9	101154	15.03	101153	15.18	105400	95	31.46	1.42	4.45	440.65
342	147	30.8	101149	16.0	101151	15.34	104816	95	31.54	1.42	2.11	375.55
343	144	30.9	101145	15.13	101154	15.15	105172	95	31.58	1.38	8.44	504.92
344	144	30.9	101155	14.94	101149	15.33	105100	95	31.56	1.4	7.04	473.77
345	145	30.9	101156	14.88	101158	14.79	105473	95	31.58	1.43	8.52	477.0
346	145	30.9	101154	15.42	101154	15.44	105246	95	31.55	1.43	4.07	516.89
347	146	30.8	101149	15.43	101166	15.35	105515	95	31.61	1.48	7.26	374.86
348	144	30.9	101158	14.4	101158	14.86	105110	95	31.57	1.52	1.35	528.05
349	147	30.9	101155	14.69	101159	14.96	105210	95	31.62	1.4	1.15	443.15
350	144	30.9	101154	15.66	101150	15.11	105105	95	31.57	1.54	8.56	520.06
351	144	30.9	101156	14.89	101158	15.41	105376	95	31.6	1.37	8.32	419.21
352	153	31.0	101157	14.6	101165	14.38	105605	96	31.51	1.48	3.86	466.36
353	149	30.9	101157	14.8	101160	15.74	105659	96	31.71	1.37	5.39	361.38
354	143	30.8	101150	15.01	101155	14.75	105340	95	31.58	1.5	3.71	396.03
355	158	30.9	101155	15.74	101150	15.54	105260	95	31.51	1.43	2.62	429.18
356	153	30.9	101149	15.0	101144	15.61	105436	95	31.6	1.44	3.57	426.13
357	156	30.9	101153	15.54	101156	15.87	105316	95	31.46	1.42	4.81	391.17
358	153	30.9	101151	15.54	101157	14.15	105325	95	31.52	1.5	1.94	383.45
359	157	31.0	101154	15.01	101156	15.0	105682	96	31.44	1.39	5.8	537.61
360	157	30.8	101154	15.63	101145	15.61	105553	95	31.61	1.47	2.39	443.84
361	153	30.8	101148	15.18	101154	15.83	105169	95	31.73	1.5	6.85	515.89
362	155	30.9	101155	14.81	101150	14.83	105409	95	31.51	1.48	6.65	499.71
363	155	31.0	101156	14.92	101155	14.82	105092	95	31.46	1.49	4.05	496.83
364	154	30.9	101150	15.6	101150	15.44	105517	95	31.6	1.47	4.21	454.85
365	154	30.9	101146	14.96	101157	14.89	105485	95	31.46	1.4	2.58	523.82
366	156	30.9	101161	14.58	101159	14.5	105592	95	31.54	1.41	4.54	387.48
367	154	30.9	101158	14.9	101149	15.0	104918	95	31.66	1.46	11.61	470.99
368	155	30.9	101150	14.85	101156	15.57	105089	95	31.54	1.43	9.53	376.47
369	156	30.9	101155	15.03	101153	15.06	104171	94	31.51	1.39	9.77	470.31
370	155	30.8	101148	15.06	101146	14.88	104774	95	31.72	1.49	14.31	452.46
371	154	30.9	101161	14.34	101158	14.96	105340	95	31.63	1.39	14.28	440.84
372	158	30.8	101159	14.9	101162	14.58	105166	95	31.52	1.49	7.35	534.18
373	165	30.9	101146	15.1	101154	15.07	103755	94	31.53	1.4	20.27	356.58
374	170	30.9	101157	14.9	101158	15.31	104131	94	31.65	1.43	34.73	403.2
375	175	30.9	101150	15.05	101156	14.93	109994	99	31.67	1.45	14.35	377.86
376	178	30.9	101150	15.43	101149	15.54	110386	100	31.69	1.36	2.27	510.77
377	180	31.0	101147	15.47	101144	15.72	110140	100	31.72	1.49	3.18	411.64
378	180	30.9	101154	14.96	101146	15.14	110616	100	31.56	1.36	9.14	326.66
379	183	31.0	101149	15.44	101147	15.07	110253	100	31.6	1.36	3.65	371.72
380	180	30.8	101156	15.64	101148	15.72	110662	100	31.55	1.43	6.72	375.84
381	181	30.9	101154	15.07	101154	15.82	110616	100	31.58	1.41	4.62	418.41
382	183	30.9	101149	14.97	101155	14.8	110784	100	31.8	1.47	6.59	492.05
383	181	30.9	101155	15.12	101149	15.53	110341	100	31.6	1.38	3.57	373.93
384	182	30.9	101154	15.83	101149	15.71	110571	100	31.62	1.46	9.57	428.67
385	182	30.9	101149	15.67	101151	14.92	110553	100	31.68	1.47	10.3	437.5
386	182	30.9	101142	15.81	101138	16.22	110635	100	31.52	1.35	4.42	443.98
387	183	30.9	101156	15.6	101158	14.73	110407	100	31.6	1.48	3.71	369.53
388	182	30.9	101156	14.91	101146	15.45	110537	100	31.46	1.38	5.05	518.89
389	183	30.8	101148	15.46	101148	15.64	110192	100	31.36	1.39	7.09	465.42
390	185	30.9	101148	15.43	101149	15.55	110258	100	31.55	1.4	13.43	336.2
391	185	30.9	101151	15.69	101159	14.78	110195	100	31.57	1.39	9.76	419.16
392	190	31.0	101149	15.66	101145	15.44	110279	100	31.61	1.49	3.19	362.68
393	187	30.9	101147	15.2	101148	15.01	110015	100	31.57	1.39	11.02	389.49
394	189	30.9	101153	15.65	101143	15.64	109982	99	31.69	1.45	5.73	456.75
395	194	30.9	101148	15.73	101144	15.81	110486	100	31.59	1.42	5.39	399.44
396	187	30.9	101148	15.87	101143	15.8	110309	100	31.46	1.42	6.76	528.92
397	192	31.0	101147	15.54	101148	15.99	110285	100	31.72	1.5	8.91	483.29
398	190	30.9	101153	15.56	101147	15.93	109997	99	31.58	1.44	7.04	510.7
399	190	30.9	101149	15.78	101154	15.49	110328	100	31.7	1.4	8.29	505.12
400	191	30.9	101147	15.67	101140	15.98	110294	100	31.63	1.42	4.45	523.95
401	192	30.9	101150	15.04	101157	15.78	109891	99	31.55	1.41	6.19	443.88
402	195	30.9	101146	15.08	101147	15.86	109981	99	31.6	1.43	5.41	458.68
403	194	30.9	101146	15.43	101157	15.37	110161	100	31.66	1.36	8.45	397.7
404	197	30.9	101144	16.12	101145	15.91	109962	99	31.61	1.43	5.77	362.47
405	192	30.9	101154	14.79	101156	15.17	110164	100	31.55	1.46	4.88	400.0
406	193	30.8	101144	15.87	101153	14.98	110064	100	31.54	1.41	6.86	449.43
407	192	31.0	101155	15.68	101151	14.9	109962	99	31.55	1.37	8.11	344.36
408	190	30.9	101146	15.01	101147	15.06	110032	100	31.46	1.32	14.43	464.72
409	193	30.9	101143	16.25	101148	15.67	110015	100	31.51	1.45	7.37	463.12
410	194	31.0	101155	15.02	101153	15.97	109701	99	31.51	1.39	4.32	535.35
411	193	30.9	101148	14.93	101158	15.11	109758	99	31.51	1.4	7.93	453.76
412	190	30.8	101159	14.75	101146	14.85	109931	99	31.59	1.46	7.9	428.08
413	193	31.0	101154	16.21	101145	14.58	110169	100	31.61	1.37	4.34	525.5
414	192	30.9	101161	15.28	101151	15.3	109872	99	31.68	1.33	4.84	530.95
415	189	31.0	101149	14.93	101154	15.02	109737	99	31.53	1.31	8.35	424.37
416	190	31.0	101152	15.25	101158	14.86	110108	100	31.67	1.32	5.96	355.6
417	190	30.9	101150	15.02	101149	15.47	109659	99	31.67	1.49	7.98	386.43
418	187	30.9	101157	14.85	101157	14.79	109677	99	31.65	1.35	4.59	467.93
419	188	30.9	101149	15.4	101151	14.65	109932	99	31.73	1.37	3.77	463.74
420	190	30.9	101154	15.58	101151	14.57	109674	99	31.62	1.45	2.41	438.91
421	187	30.9	101155	15.74	101146	15.07	109863	99	31.6	1.35	12.24	498.74
422	189	31.0	101154	15.5	101148	15.15	109476	99	31.55	1.31	7.97	366.52
423	190	30.9	101156	15.26	101151	15.4	109665	99	31.51	1.44	1.3	379.74
424	191	31.0	101147	15.51	101156	15.3	109505	99	31.51	1.39	6.25	536.47
425	188	30.9	101154	15.74	101159	15.02	109858	99	31.57	1.33	5.89	473.58
426	188	30.9	101146	16.1	101152	14.82	109312	99	31.55	1.41	10.0	434.23
427	187	30.8	101155	14.61	101154	15.13	109438	99	31.52	1.46	3.71	464.66
428	190	31.0	101153	15.12	101158	15.01	109595	99	31.56	1.32	5.57	493.84
429	194	31.0	101153	15.54	101147	15.85	109982	99	31.56	1.45	3.35	468.15
430	187	31.0	101155	14.88	101156	15.33	109583	99	31.53	1.38	3.84	386.23
431	192	31.0	101155	14.96	101147	15.81	109516	99	31.46	1.41	3.95	505.72
432	188	31.0	101150	15.32	101147	15.57	109735	99	31.55	1.44	12.42	394.71
433	188	30.9	101156	15.79	101148	15.95	109451	99	31.63	1.42	7.52	504.94
434	188	30.9	101149	15.64	101148	15.72	109569	99	31.62	1.36	7.2	391.95
435	190	30.9	101145	15.79	101148	15.75	109295	99	31.63	1.45	5.97	398.43
436	192	30.9	101145	15.88	101144	15.52	109766	99	31.48	1.37	6.53	444.59
437	191	30.9	101145	15.64	101143	15.68	109728	99	31.61	1.45	6.42	375.09
438	189	31.0	101146	15.66	101147	15.63	109451	99	31.74	1.4	4.97	513.49
439	191	31.1	101148	15.2	101146	15.4	109667	99	31.69	1.43	2.05	441.0
440	189	30.9	101151	15.52	101156	14.74	109504	99	31.47	1.32	9.05	469.51
441	190	31.1	101153	15.56	101154	15.04	109354	99	31.69	1.4	4.91	462.09
442	190	30.9	101151	15.31	101156	14.85	109751	99	31.57	1.44	8.67	456.55
443	189	31.0	101148	15.03	101158	14.97	109109	99	31.6	1.3	9.0	450.06
444	197	31.1	101154	15.74	101149	15.5	109221	99	31.63	1.37	7.27	401.07
445	191	31.0	101145	16.2	101138	16.06	109347	99	31.58	1.4	4.48	450.41
446	188	30.9	101143	15.88	101143	16.22	109599	99	31.46	1.33	5.42	366.71
447	188	30.9	101150	15.52	101144	14.79	109474	99	31.51	1.34	8.52	518.17
448	190	31.0	101157	15.65	101150	15.92	109712	99	31.51	1.4	5.26	508.02
449	188	30.9	101151	15.67	101150	15.84	109669	99	31.46	1.44	8.7	340.36
450	188	31.0	101146	15.63	101144	15.94	109353	99	31.55	1.44	3.17	481.01
451	191	31.1	101147	15.74	101146	15.73	109546	99	31.54	1.4	5.46	433.25
452	190	31.0	101138	16.19	101140	15.71	109609	99	31.65	1.36	8.12	495.06
453	196	31.0	101151	15.83	101146	15.45	109223	99	31.61	1.45	6.63	510.79
454	191	31.0	101141	16.46	101134	16.43	109506	99	31.58	1.46	5.76	421.12
455	192	31.1	101137	16.05	101142	16.15	109023	99	31.83	1.45	7.34	471.02
456	192	31.0	101143	16.35	101142	15.7	109060	99	31.55	1.35	7.15	506.81
457	196	31.0	101148	15.86	101145	16.07	109323	99	31.52	1.34	4.65	376.61
458	191	31.0	101139	16.84	101142	15.75	109427	99	31.6	1.31	4.1	420.54
459	193	31.0	101144	15.67	101145	15.71	109399	99	31.49	1.47	8.5	427.48
460	190	31.0	101141	15.8	101142	15.81	109574	99	31.58	1.33	11.4	426.93
461	191	30.9	101146	16.08	101142	16.13	109112	99	31.61	1.35	8.84	494.16
462	192	31.0	101140	15.79	101141	16.03	109369	99	31.46	1.39	4.36	354.6
463	193	31.0	101141	16.12	101147	16.32	109195	99	31.63	1.33	3.97	445.43
464	191	31.0	101148	16.2	101140	15.95	109393	99	31.51	1.36	4.95	384.85
465	192	31.1	101146	16.02	101146	16.15	109535	99	31.44	1.45	3.5	370.73
466	193	31.0	101143	16.16	101147	15.56	109153	99	31.64	1.47	7.28	331.65
467	191	31.0	101146	16.13	101142	15.61	109312	99	31.47	1.43	7.01	491.7
468	195	31.0	101144	15.59	101143	15.99	108870	98	31.57	1.38	5.99	416.81
469	198	31.0	101149	16.02	101146	16.16	109500	99	31.52	1.46	5.7	323.18
470	193	31.1	101146	15.92	101145	15.46	109356	99	31.6	1.31	9.39	287.54
471	194	31.0	101150	15.71	101146	15.34	109473	99	31.51	1.38	5.47	468.91
472	193	31.0	101148	15.63	101150	15.57	109291	99	31.64	1.47	9.24	351.57
473	194	31.0	101144	16.06	101148	15.82	109035	99	31.46	1.45	1.79	270.31
474	193	31.0	101151	15.52	101142	15.59	109251	99	31.66	1.36	3.73	377.03
475	196	30.9	101149	14.94	101154	15.41	109649	99	31.52	1.41	9.1	310.81
476	192	31.0	101148	15.52	101147	15.52	109056	99	31.51	1.42	10.5	414.23
477	197	31.0	101155	15.64	101154	15.45	108892	98	31.64	1.37	5.6	270.28
478	193	31.0	101151	15.68	101147	16.25	109069	99	31.66	1.42	4.92	396.54
479	196	31.0	101150	15.58	101156	14.88	108993	99	31.59	1.37	1.29	365.74
480	192	31.0	101148	14.87	101156	15.39	109461	99	31.5	1.32	5.71	348.21
481	193	30.9	101155	15.41	101155	15.8	108846	98	31.46	1.36	8.56	285.76
482	196	31.1	101155	15.65	101157	14.91	108861	98	31.61	1.38	7.56	391.47
483	193	31.1	101156	14.84	101152	15.58	109354	99	31.54	1.46	9.7	371.54
484	196	30.9	101147	15.73	101147	15.19	109248	99	31.63	1.49	3.11	299.37
485	194	31.1	101152	15.12	101152	14.74	109304	99	31.58	1.36	3.24	309.28
486	193	30.9	101146	16.05	101143	16.21	109015	99	31.51	1.32	4.42	238.67
487	195	31.0	101148	15.71	101145	15.82	109006	99	31.61	1.44	8.77	330.31
488	193	30.9	101148	15.57	101150	15.77	109434	99	31.41	1.43	3.59	216.5
489	198	31.0	101151	15.32	101152	14.8	109616	99	31.52	1.42	4.46	335.29
490	194	30.9	101148	15.67	101147	15.45	108871	98	31.57	1.37	2.73	292.56
491	193	31.1	101159	15.62	101149	14.87	109090	99	31.6	1.37	9.78	207.22
492	195	30.9	101149	15.85	101148	15.73	109022	99	31.54	1.38	7.33	241.79
493	201	31.1	101146	15.85	101148	15.77	109483	99	31.46	1.32	1.38	235.11
494	193	31.0	101141	16.25	101145	15.82	109559	99	31.66	1.44	7.37	364.74
495	194	31.1	101144	16.1	101153	15.84	108763	98	31.56	1.46	6.93	266.23
496	196	31.0	101146	15.65	101155	14.99	108932	99	31.66	1.46	3.81	334.63
497	197	31.0	101145	15.68	101145	15.67	109089	99	31.57	1.42	5.04	251.08
498	195	30.9	101149	15.17	101153	15.8	109387	99	31.68	1.39	5.78	365.55
499	198	31.0	101144	15.73	101141	15.83	108939	99	31.5	1.46	2.5	322.72
500	196	31.0	101153	15.78	101144	15.49	109238	99	31.58	1.48	24.46	205.4
501	196	31.0	101142	15.85	101146	16.05	109262	99	31.61	1.48	1.92	211.83
502	203	31.0	101145	15.54	101145	16.24	109100	99	31.49	1.37	5.79	261.01
503	195	31.0	101148	15.72	101143	15.56	109288	99	31.57	1.41	3.29	288.79
504	198	31.0	101151	15.67	101148	15.56	109098	99	31.57	1.37	4.34	393.19
505	196	31.0	101144	16.19	101151	16.24	108903	99	31.43	1.42	9.68	276.79
506	197	31.0	101141	16.16	101148	15.56	109374	99	31.6	1.5	8.32	401.22
507	197	30.9	101149	16.1	101150	15.38	109512	99	31.42	1.5	10.04	384.79
508	198	31.0	101144	16.09	101149	14.99	108982	99	31.48	1.41	7.84	260.59
509	196	31.0	101147	15.61	101157	15.65	109374	99	31.59	1.38	8.15	288.76
510	197	31.1	101149	15.61	101149	15.64	109250	99	31.52	1.33	9.12	232.61
511	197	31.0	101136	15.78	101153	16.05	109123	99	31.49	1.48	2.13	415.43
512	198	31.1	101152	15.27	101155	15.7	109596	99	31.62	1.49	1.64	359.85
513	198	30.9	101148	14.9	101159	15.78	109105	99	31.48	1.41	5.79	279.61
514	199	31.0	101144	15.72	101143	16.08	108883	98	31.66	1.38	6.72	361.13
515	203	31.1	101153	16.06	101145	15.83	109433	99	31.51	1.48	6.55	431.42
516	198	31.0	101148	16.39	101141	15.87	109391	99	31.42	1.37	2.02	375.91
517	201	31.1	101145	15.7	101141	15.85	109096	99	31.5	1.5	6.87	362.34
518	198	31.0	101157	15.44	101147	14.98	109024	99	31.51	1.42	4.82	390.57
519	207	31.0	101147	15.12	101140	15.48	109139	99	31.56	1.39	1.49	322.87
520	200	31.0	101153	15.97	101150	15.08	109189	99	31.5	1.51	4.86	397.98
521	202	31.0	101145	14.98	101150	15.43	109060	99	31.6	1.41	3.51	274.86
522	198	31.0	101144	16.04	101146	15.88	108985	99	31.46	1.45	6.63	341.94
523	200	31.0	101145	15.7	101148	16.13	109129	99	31.52	1.48	8.68	295.08
524	198	31.1	101150	15.82	101138	16.17	109279	99	31.52	1.35	8.75	420.76
525	199	31.0	101143	15.57	101144	15.77	109099	99	31.57	1.41	8.16	406.83
526	199	30.9	101145	15.89	101148	15.82	108730	98	31.42	1.38	7.81	395.99
527	199	31.0	101157	14.68	101156	15.52	109206	99	31.5	1.46	5.67	463.05
528	201	31.0	101160	14.63	101161	15.15	109229	99	31.6	1.36	6.2	339.72
529	201	31.0	101167	14.24	101162	14.71	109023	99	31.51	1.41	4.55	460.23
530	201	31.1	101155	14.99	101157	14.91	108886	98	31.54	1.43	5.84	468.0
531	202	31.0	101151	14.93	101153	14.88	109145	99	31.41	1.36	7.0	375.37
532	201	31.0	101152	15.13	101155	14.94	109084	99	31.59	1.41	8.65	356.21
533	201	31.0	101153	15.58	101147	14.82	108922	99	31.36	1.46	7.53	382.72
534	202	30.9	101145	15.48	101147	15.1	109105	99	31.44	1.38	6.58	328.95
535	201	31.0	101145	15.38	101148	14.99	108885	98	31.64	1.51	7.43	292.03
536	203	31.0	101158	14.86	101158	14.69	108982	99	31.51	1.36	6.35	312.38
537	204	31.1	101144	15.0	101147	15.01	108996	99	31.66	1.42	7.86	416.8
538	202	31.0	101149	15.5	101159	15.29	108974	99	31.48	1.37	2.76	313.33
539	203	30.9	101146	14.95	101157	15.02	109109	99	31.47	1.46	9.8	298.2
540	201	31.0	101150	15.42	101149	15.55	109085	99	31.56	1.5	7.24	400.84
541	200	31.0	101150	14.82	101148	14.9	109207	99	31.41	1.42	7.65	367.18
542	203	31.0	101154	15.7	101148	15.05	109067	99	31.53	1.45	6.31	352.68
543	205	31.0	101150	15.38	101158	15.4	108971	99	31.51	1.39	6.62	330.09
544	202	31.0	101155	14.95	101160	15.29	109001	99	31.53	1.44	8.49	305.59
545	199	31.0	101147	15.39	101146	14.92	109095	99	31.56	1.51	3.34	376.7
546	203	31.0	101149	15.38	101154	15.6	108614	98	31.46	1.48	5.46	299.04
547	204	31.0	101149	15.71	101145	15.6	109037	99	31.48	1.47	5.58	360.34
548	208	31.0	101150	15.06	101150	14.9	109003	99	31.41	1.42	7.39	414.23
549	203	31.0	101148	15.45	101145	15.65	109023	99	31.53	1.46	3.88	419.29
550	206	31.0	101145	15.85	101144	15.51	108648	98	31.42	1.4	6.35	361.69
551	206	31.1	101147	15.79	101146	15.62	108563	98	31.65	1.38	8.7	359.93
552	206	31.0	101156	14.91	101155	14.84	108952	99	31.61	1.38	13.94	444.91
553	207	31.0	101158	15.66	101154	15.72	108798	98	31.65	1.37	5.83	416.87
554	206	31.0	101149	14.45	101155	14.97	108703	98	31.6	1.45	10.69	367.76
555	213	31.1	101159	14.4	101157	14.82	108780	98	31.53	1.49	10.2	456.8
556	204	30.9	101156	14.68	101164	14.43	108727	98	31.36	1.36	9.17	434.69
557	204	31.0	101161	14.81	101160	14.49	108857	98	31.51	1.51	7.75	324.96
558	185	31.0	101159	14.92	101157	14.75	108427	98	31.54	1.41	7.95	475.24
559	187	31.0	101155	15.07	101148	15.84	108374	98	31.41	1.37	6.52	378.25
560	185	30.9	101154	15.49	101156	15.79	108850	98	31.41	1.45	5.2	358.21
561	185	31.1	101157	14.99	101150	14.95	108841	98	31.51	1.47	2.83	432.28
562	185	31.0	101157	14.79	101162	14.87	108715	98	31.57	1.37	4.61	455.63
563	187	31.0	101162	14.43	101156	14.9	108480	98	31.36	1.51	2.38	486.76
564	185	31.0	101154	14.82	101156	15.03	109083	99	31.5	1.37	3.27	502.79
565	184	31.0	101156	14.9	101148	15.63	108686	98	31.55	1.5	9.14	480.79
566	187	31.0	101151	15.46	101151	14.76	108971	99	31.38	1.46	2.4	329.7
567	186	31.0	101156	14.91	101150	15.71	108823	98	31.52	1.45	16.42	460.42
568	188	31.1	101152	15.51	101154	15.28	109244	99	31.52	1.39	9.02	375.61
569	185	31.0	101143	15.69	101141	15.71	108782	98	31.49	1.45	4.27	407.5
570	187	31.0	101149	15.15	101148	15.57	108537	98	31.36	1.46	10.97	487.17
571	190	31.0	101156	15.37	101153	15.73	108875	98	31.5	1.41	7.16	418.21
572	195	31.1	101153	14.89	101153	15.12	109184	99	31.51	1.46	7.81	450.63
573	193	31.1	101158	14.84	101156	15.52	108739	98	31.61	1.35	1.13	435.5
574	188	31.0	101146	15.14	101149	15.07	108361	98	31.48	1.51	4.94	425.32
575	190	31.0	101154	15.12	101155	14.73	108635	98	31.46	1.49	1.36	500.32
576	189	31.0	101155	15.62	101149	14.76	108581	98	31.49	1.51	4.35	495.13
577	187	31.0	101150	14.94	101150	14.9	108529	98	31.51	1.27	9.03	413.97
578	190	31.1	101155	15.8	101153	14.87	108618	98	31.32	1.49	5.96	423.25
579	193	31.0	101157	14.91	101154	15.2	108752	98	31.36	1.49	7.01	407.95
580	190	31.0	101158	14.97	101150	14.94	108784	98	31.46	1.46	3.04	396.9
581	191	31.0	101152	14.78	101153	15.07	108353	98	31.54	1.54	0.86	369.75
582	193	31.0	101149	14.86	101161	15.45	108323	98	31.53	1.39	4.13	376.36
583	191	31.0	101158	15.57	101156	14.44	108179	98	31.44	1.46	10.44	515.07
584	191	31.0	101156	15.77	101148	15.61	108776	98	31.36	1.53	3.1	478.67
585	193	31.0	101154	15.13	101156	15.61	108195	98	31.5	1.43	4.65	380.61
586	189	31.0	101156	15.08	101149	14.96	108154	98	31.51	1.43	8.68	395.45
587	190	31.0	101155	15.11	101163	14.86	107952	98	31.69	1.4	10.06	364.8
588	190	31.0	101156	14.96	101157	14.86	107765	97	31.41	1.48	6.64	466.62
589	192	31.0	101158	15.49	101159	14.94	108087	98	31.51	1.49	1.98	508.17
590	190	31.0	101159	14.61	101152	15.38	107973	98	31.47	1.5	6.16	460.64
591	192	31.0	101153	15.1	101160	15.62	108042	98	31.54	1.41	2.82	487.32
592	190	31.0	101164	14.86	101159	15.07	107778	97	31.53	1.38	8.52	416.11
593	188	31.0	101161	15.09	101162	14.94	108053	98	31.36	1.45	6.5	392.74
594	189	31.0	101149	14.76	101155	15.06	108343	98	31.54	1.51	1.84	453.35
595	192	31.0	101160	14.79	101158	14.71	108324	98	31.41	1.51	3.57	332.75
596	191	31.0	101150	15.38	101157	14.73	108229	98	31.46	1.45	2.42	371.21
597	189	30.9	101154	14.53	101157	14.82	107742	97	31.51	1.41	5.59	488.83
598	190	31.0	101150	15.37	101149	15.54	108371	98	31.57	1.42	2.66	487.04
599	196	31.0	101149	15.03	101154	15.06	107946	98	31.42	1.4	7.8	454.67
600	191	30.9	101158	15.39	101154	15.63	108196	98	31.55	1.5	2.13	504.19
601	191	31.0	101156	15.07	101156	15.58	108181	98	31.4	1.42	7.79	367.93
602	189	31.1	101156	14.53	101161	14.71	108005	98	31.46	1.46	5.1	467.33
603	191	30.9	101149	15.05	101154	15.61	107897	98	31.63	1.51	4.53	353.81
604	193	31.1	101154	15.45	101149	15.61	107923	98	31.55	1.45	7.85	426.38
605	190	31.0	101156	14.89	101150	15.32	107797	97	31.6	1.42	2.16	404.84
606	191	31.0	101157	15.34	101145	15.3	108341	98	31.38	1.43	7.96	529.12
607	191	31.0	101148	14.92	101158	14.88	108011	98	31.49	1.37	5.7	371.66
608	195	31.0	101154	14.88	101156	15.45	108261	98	31.5	1.49	7.0	527.09
609	192	31.0	101155	15.62	101154	15.04	108323	98	31.46	1.46	8.69	433.04
610	190	30.9	101145	15.45	101158	14.91	108184	98	31.54	1.47	5.33	452.24
611	192	31.0	101148	15.41	101154	15.15	107677	97	31.47	1.36	9.63	516.98
612	192	31.0	101155	15.14	101154	15.15	108119	98	31.52	1.49	4.92	507.33
613	190	31.0	101147	15.45	101155	15.03	107907	98	31.58	1.36	4.76	371.03
614	193	31.0	101159	15.0	101155	14.83	108526	98	31.45	1.49	2.47	416.52
615	193	31.0	101156	15.53	101155	14.99	108019	98	31.57	1.47	10.3	514.68
616	191	30.9	101147	14.94	101155	15.52	108139	98	31.42	1.5	7.57	495.12
617	190	31.0	101148	15.47	101157	15.41	108554	98	31.37	1.45	4.82	536.52
618	190	31.1	101152	15.69	101152	16.08	108429	98	31.47	1.45	4.1	418.96
619	192	31.0	101160	14.79	101151	14.63	108144	98	31.58	1.37	5.32	364.27
620	191	31.0	101154	14.87	101151	14.77	108409	98	31.41	1.47	0.93	484.58
621	192	31.0	101153	15.53	101149	14.91	108339	98	31.51	1.45	6.13	485.83
622	193	31.0	101148	15.16	101154	15.02	108303	98	31.59	1.49	8.39	515.15
623	192	30.9	101155	15.08	101149	15.03	108146	98	31.56	1.4	6.73	405.59
624	192	30.9	101157	14.88	101152	14.46	108101	98	31.54	1.48	5.63	400.19
625	190	31.1	101154	15.06	101156	15.08	107967	98	31.48	1.5	7.75	429.5
626	197	31.0	101161	14.91	101155	14.82	107795	97	31.55	1.38	8.34	447.81
627	193	31.0	101154	15.12	101151	15.04	107670	97	31.41	1.47	4.34	476.1
628	191	30.9	101157	14.93	101161	14.75	108168	98	31.41	1.45	1.75	363.48
629	192	31.0	101156	14.93	101159	15.44	108323	98	31.53	1.45	3.56	479.7
630	191	31.0	101156	14.9	101153	14.75	107958	98	31.53	1.51	5.88	449.05
631	193	31.0	101155	15.46	101153	15.55	107708	97	31.57	1.39	5.68	406.23
632	191	31.0	101149	14.96	101157	15.49	107794	97	31.48	1.5	8.48	415.46
633	191	31.0	101141	15.08	101154	15.03	108129	98	31.36	1.46	3.98	424.88
634	191	31.0	101149	14.59	101158	15.17	107949	98	31.36	1.4	2.59	459.31
635	193	31.0	101151	15.3	101149	14.79	107995	98	31.42	1.48	2.91	356.64
636	198	30.9	101148	15.38	101150	15.12	108101	98	31.47	1.47	7.13	468.62
637	195	31.0	101154	15.04	101149	14.97	107609	97	31.36	1.4	1.39	528.9
638	195	30.9	101153	15.54	101146	15.47	107954	98	31.36	1.38	3.42	508.19
639	193	30.9	101156	15.69	101147	15.02	107680	97	31.32	1.48	8.07	485.42
640	193	31.0	101149	15.43	101148	15.4	107583	97	31.32	1.51	3.13	437.66
641	195	31.0	101143	14.96	101156	15.77	107573	97	31.4	1.4	8.48	464.7
642	193	31.0	101155	14.94	101155	15.64	107517	97	31.49	1.5	3.37	483.05
643	196	31.0	101148	15.38	101151	15.93	107363	97	31.66	1.53	1.02	392.32
644	195	31.0	101147	15.41	101145	15.63	107656	97	31.48	1.49	1.28	379.43
645	193	30.9	101148	15.55	101149	15.56	107656	97	31.53	1.4	8.65	441.64
646	196	31.0	101148	15.53	101154	15.7	107300	97	31.41	1.44	6.74	433.67
647	195	31.0	101147	16.0	101141	15.9	107611	97	31.42	1.44	8.61	452.75
648	192	31.0	101151	14.96	101156	15.44	107388	97	31.45	1.45	4.04	474.96
649	194	31.0	101146	15.14	101158	15.02	107855	98	31.58	1.49	4.12	375.27
650	196	31.0	101150	15.01	101144	15.73	107100	97	31.51	1.43	6.79	433.42
651	196	31.0	101150	14.88	101148	15.51	107263	97	31.53	1.43	2.32	460.65
652	194	31.0	101148	15.37	101144	14.98	107338	97	31.41	1.47	8.76	364.93
653	196	31.0	101149	15.69	101149	15.32	107615	97	31.45	1.45	0.76	405.09
654	199	30.9	101149	16.29	101148	15.39	107671	97	31.56	1.53	8.05	361.22
655	194	31.1	101151	15.86	101151	15.94	107398	97	31.46	1.52	1.33	491.36
656	196	30.9	101145	15.53	101150	14.77	107906	98	31.49	1.39	4.35	458.52
657	194	30.9	101148	15.77	101159	14.78	108080	98	31.46	1.53	9.58	378.03
658	191	30.9	101157	14.93	101157	14.57	107769	97	31.48	1.45	4.41	547.39
659	191	31.0	101162	14.44	101163	14.47	107882	98	31.36	1.45	3.61	470.54
660	190	31.1	101162	14.57	101153	14.98	107475	97	31.42	1.36	6.26	498.51
661	190	31.0	101159	14.87	101155	14.87	108222	98	31.41	1.44	4.88	553.1
662	189	31.1	101153	15.06	101159	14.95	107281	97	31.35	1.41	3.55	442.27
663	191	31.0	101144	15.69	101141	15.98	107376	97	31.47	1.45	4.16	392.33
664	196	31.1	101155	15.0	101154	15.01	107797	97	31.45	1.52	8.93	545.28
665	192	31.0	101157	14.6	101161	15.02	107868	98	31.41	1.45	5.97	397.21
666	190	31.0	101155	14.7	101153	15.53	107319	97	31.27	1.35	1.31	379.29
667	189	31.0	101155	15.17	101149	14.94	107780	97	31.41	1.4	5.55	422.64
668	191	31.0	101157	14.67	101160	15.28	107476	97	31.48	1.43	1.24	493.98
669	191	31.0	101156	14.56	101158	14.61	107766	97	31.43	1.49	8.65	426.16
670	192	30.9	101154	15.05	101155	15.11	107411	97	31.51	1.4	5.54	414.96
671	192	31.0	101155	14.98	101150	14.9	107686	97	31.39	1.37	6.15	396.12
672	192	30.9	101157	14.57	101159	14.83	108028	98	31.36	1.53	9.52	533.98
673	192	31.0	101156	15.08	101157	15.58	107595	97	31.41	1.42	4.65	368.15
674	192	31.0	101146	15.77	101145	15.55	107576	97	31.65	1.45	6.99	458.48
675	193	30.9	101148	15.72	101151	15.35	107663	97	31.5	1.37	5.57	527.65
676	193	31.0	101160	14.77	101161	14.94	107817	98	31.34	1.42	2.15	497.66
677	192	31.1	101160	14.97	101156	15.03	107565	97	31.41	1.53	2.34	554.01
678	192	31.0	101154	15.13	101148	14.93	107768	97	31.59	1.39	3.14	427.92
679	193	31.0	101157	14.27	101156	14.98	107580	97	31.46	1.5	2.04	546.27
680	191	31.0	101153	15.02	101154	15.62	107904	98	31.47	1.51	4.55	387.53
681	194	31.0	101158	15.38	101152	14.73	107705	97	31.32	1.38	2.0	541.56
682	195	30.9	101165	15.33	101151	14.92	107418	97	31.32	1.37	6.53	402.49
683	193	31.0	101156	14.47	101156	14.66	107512	97	31.55	1.49	3.59	381.71
684	191	31.0	101156	14.93	101156	15.44	107471	97	31.49	1.41	7.0	389.83
685	193	31.0	101152	15.52	101155	15.1	107401	97	31.54	1.46	1.03	500.06
686	191	31.1	101157	15.03	101158	15.01	107546	97	31.42	1.44	8.11	377.54
687	190	30.9	101156	14.47	101159	15.43	107500	97	31.43	1.39	3.44	408.47
688	191	30.9	101160	14.75	101158	14.54	107408	97	31.43	1.39	4.14	553.65
689	191	31.0	101155	15.62	101155	15.23	107184	97	31.41	1.42	5.97	432.71
690	194	31.0	101149	15.57	101154	15.05	107304	97	31.52	1.51	11.33	542.84
691	192	31.0	101159	14.64	101153	14.88	107351	97	31.41	1.35	2.22	550.99
692	196	31.0	101161	14.5	101149	15.01	107614	97	31.37	1.35	3.68	498.31
693	191	31.0	101155	15.01	101146	15.52	107475	97	31.41	1.39	4.07	460.32
694	190	31.0	101157	15.02	101158	14.84	107635	97	31.41	1.52	3.06	428.58
695	190	31.0	101157	14.69	101151	15.33	107630	97	31.38	1.47	8.84	453.55
696	191	31.0	101156	15.04	101149	15.38	107396	97	31.36	1.42	3.21	399.67
697	193	31.0	101150	15.62	101146	15.97	107226	97	31.51	1.37	8.33	390.82
698	193	31.0	101147	14.88	101159	15.05	107635	97	31.29	1.44	5.66	443.94
699	193	31.0	101153	15.54	101154	15.02	107802	98	31.36	1.46	3.24	411.16
700	193	31.0	101156	15.5	101151	14.9	107087	97	31.18	1.41	4.83	543.27
701	193	30.9	101156	15.03	101154	15.02	107591	97	31.45	1.42	3.12	522.47
702	191	31.0	101154	15.03	101156	14.52	107493	97	31.54	1.44	4.76	490.61
703	191	30.9	101157	14.5	101161	14.72	107623	97	31.47	1.4	4.38	482.79
704	191	31.0	101157	14.89	101160	14.95	107384	97	31.36	1.37	8.18	371.92
705	192	31.0	101158	14.58	101160	14.92	107351	97	31.48	1.37	10.99	520.46
706	193	31.0	101149	14.84	101160	14.71	107342	97	31.45	1.51	8.39	514.26
707	192	30.9	101157	14.79	101148	15.1	107229	97	31.46	1.38	6.18	388.79
708	192	31.1	101149	14.79	101149	14.57	107124	97	31.53	1.48	8.61	481.15
709	195	31.0	101150	14.73	101156	14.93	107024	97	31.36	1.44	4.43	469.15
710	193	31.0	101158	14.78	101157	15.29	107332	97	31.56	1.37	6.31	399.37
711	191	30.9	101158	14.89	101158	15.51	107516	97	31.54	1.36	2.88	434.15
712	191	31.0	101157	15.34	101159	15.04	107011	97	31.38	1.41	10.38	469.77
713	190	31.1	101155	15.09	101157	15.03	107434	97	31.52	1.48	4.39	543.12
714	190	31.0	101157	14.87	101161	14.75	107516	97	31.32	1.43	6.75	427.37
715	192	31.0	101156	14.65	101150	15.04	106794	97	31.32	1.49	3.32	527.42
716	191	31.0	101161	14.77	101159	14.77	106961	97	31.51	1.45	2.08	454.39
717	193	31.0	101159	14.83	101156	14.38	107215	97	31.44	1.36	7.28	384.49
718	198	31.1	101157	14.52	101157	14.65	107461	97	31.41	1.43	2.17	407.45
719	193	30.9	101155	14.43	101157	14.73	107129	97	31.42	1.49	6.36	554.74
720	191	31.0	101159	14.46	101155	14.56	107204	97	31.41	1.45	7.19	378.36
721	191	30.9	101156	14.7	101157	14.47	107417	97	31.36	1.48	8.19	541.1
722	192	31.0	101160	14.75	101160	14.84	107180	97	31.48	1.49	3.25	472.06
723	194	31.0	101159	14.97	101159	14.83	107250	97	31.37	1.49	6.26	473.48
724	191	31.0	101158	14.67	101153	14.92	107041	97	31.37	1.5	3.94	374.74
725	191	30.9	101160	14.9	101157	14.99	107281	97	31.36	1.39	5.67	528.75
726	192	31.0	101158	14.66	101160	14.56	107152	97	31.36	1.39	8.34	500.67
727	192	31.0	101164	14.48	101164	14.22	106849	97	31.36	1.47	6.15	554.61
728	191	31.0	101157	14.7	101162	14.92	107053	97	31.4	1.43	11.33	413.77
729	192	30.9	101156	15.29	101161	14.69	106883	97	31.36	1.49	6.34	434.86
730	191	30.9	101154	14.99	101161	15.0	107201	97	31.41	1.39	5.41	530.14
731	190	31.0	101157	15.34	101157	15.29	107016	97	31.58	1.42	1.6	501.37
732	191	31.0	101147	15.63	101153	14.75	106800	97	31.47	1.49	1.69	412.42
733	192	31.0	101153	15.13	101144	15.22	106783	97	31.32	1.51	7.31	541.16
734	190	31.0	101147	15.46	101148	15.01	107194	97	31.47	1.52	4.45	427.12
735	190	31.0	101149	14.98	101147	15.61	107376	97	31.46	1.37	5.42	547.19
736	193	31.1	101152	14.85	101162	14.87	106639	96	31.43	1.53	11.01	406.79
737	192	31.0	101160	15.63	101155	15.38	106715	97	31.41	1.47	3.81	381.09
738	190	30.9	101156	14.86	101155	14.98	107199	97	31.36	1.49	6.0	462.2
739	190	31.1	101157	14.74	101157	15.05	107313	97	31.29	1.51	1.31	489.27
740	192	31.0	101153	14.78	101153	15.07	106839	97	31.36	1.52	9.82	441.9
741	189	31.0	101158	15.5	101154	14.92	106960	97	31.55	1.42	2.91	422.39
742	191	30.9	101143	15.2	101156	14.79	106781	97	31.54	1.5	5.08	372.66
743	193	31.0	101157	14.71	101148	15.08	107020	97	31.32	1.48	7.1	551.61
744	192	31.0	101156	15.5	101150	14.93	107018	97	31.32	1.44	8.01	487.82
745	190	31.0	101148	14.83	101155	15.31	106784	97	31.43	1.51	4.79	432.1
746	192	31.1	101149	14.71	101157	14.95	106940	97	31.44	1.52	2.54	526.29
747	192	31.0	101154	15.39	101154	15.67	106874	97	31.34	1.53	5.3	453.16
748	192	31.0	101157	14.99	101147	14.91	107263	97	31.38	1.52	6.3	399.97
749	190	31.0	101158	14.72	101148	15.48	107049	97	31.36	1.49	7.12	486.05
750	189	31.0	101154	15.62	101156	14.83	107011	97	31.38	1.49	4.09	377.03
751	191	31.0	101155	15.06	101151	14.9	106862	97	31.34	1.51	3.21	374.17
752	192	31.1	101157	14.93	101159	15.37	107122	97	31.51	1.54	5.98	434.51
753	190	31.0	101148	15.36	101148	15.36	107198	97	31.36	1.37	6.17	511.11
754	191	31.0	101150	15.76	101154	15.03	106716	97	31.22	1.45	3.09	543.58
755	190	31.1	101148	15.48	101153	15.17	107278	97	31.36	1.46	2.01	557.68
756	192	31.0	101142	15.54	101144	15.76	107054	97	31.55	1.37	8.24	557.73
757	194	31.0	101146	15.9	101153	15.68	107430	97	31.36	1.52	5.75	387.85
758	192	31.0	101147	15.54	101148	15.67	107063	97	31.36	1.48	3.89	450.01
759	192	31.0	101143	16.0	101146	15.46	107093	97	31.36	1.4	5.95	494.29
760	191	31.0	101149	15.72	101146	15.06	107521	97	31.54	1.45	4.89	380.26
761	191	30.9	101155	15.36	101149	15.74	107131	97	31.27	1.42	4.49	446.11
762	191	31.0	101143	16.3	101145	15.93	107331	97	31.32	1.44	3.8	372.55
763	190	30.9	101150	15.53	101152	14.7	107604	97	31.39	1.49	1.29	458.56
764	194	31.0	101148	15.3	101143	15.57	107564	97	31.33	1.36	6.65	411.64
765	192	31.1	101144	15.58	101142	16.0	107303	97	31.47	1.45	4.53	538.74
766	194	31.0	101148	15.42	101149	15.32	107665	97	31.22	1.42	2.68	454.88
767	190	31.0	101156	14.92	101151	15.47	107519	97	31.35	1.32	8.36	462.6
768	191	31.0	101153	15.46	101145	16.03	107712	97	31.42	1.41	2.1	450.41
769	191	30.9	101154	15.0	101155	14.86	107156	97	31.34	1.49	6.33	398.59
770	191	31.0	101145	15.53	101145	14.67	107326	97	31.39	1.43	8.04	501.9
771	190	30.9	101157	15.42	101155	15.87	107034	97	31.27	1.47	8.23	422.19
772	190	31.0	101143	15.74	101150	15.39	107422	97	31.32	1.48	8.2	486.12
773	190	31.0	101149	15.49	101148	15.09	106902	97	31.44	1.43	4.04	453.02
774	195	31.0	101140	16.28	101142	15.87	107275	97	31.27	1.5	6.1	510.25
775	190	31.0	101142	15.57	101147	15.98	107183	97	31.49	1.53	8.38	507.63
776	190	31.0	101147	16.02	101144	14.86	107148	97	31.33	1.46	5.39	560.19
777	190	30.9	101142	15.68	101139	15.97	107201	97	31.32	1.44	8.86	544.07
778	190	30.9	101146	15.3	101151	15.68	106973	97	31.57	1.46	9.77	427.97
779	190	31.0	101149	15.49	101142	16.1	107237	97	31.32	1.54	3.54	452.12
780	190	31.0	101148	15.36	101151	16.07	107227	97	31.51	1.42	5.66	475.57
781	190	31.0	101156	15.41	101158	14.26	107162	97	31.4	1.47	7.33	533.71
782	193	31.0	101155	15.46	101148	15.46	106851	97	31.37	1.37	4.08	493.74
783	190	31.0	101150	14.82	101150	15.79	106964	97	31.48	1.47	7.29	370.79
784	192	31.1	101158	14.51	101156	14.87	107506	97	31.41	1.4	2.13	398.93
785	192	31.0	101156	14.83	101156	14.77	107226	97	31.32	1.46	8.65	544.97
786	191	31.0	101146	15.8	101146	15.47	106823	97	31.45	1.47	6.0	525.01
787	192	30.9	101150	15.09	101147	15.72	106979	97	31.37	1.45	2.73	405.14
788	193	31.0	101152	15.52	101153	15.1	106721	97	31.51	1.4	3.04	524.16
789	191	31.0	101148	14.86	101153	15.27	107000	97	31.36	1.44	5.85	400.1
790	195	30.9	101154	14.67	101160	14.62	106922	97	31.49	1.51	4.1	485.06
791	196	31.2	101161	14.1	101157	14.67	107033	97	31.41	1.36	3.57	393.99
792	194	31.0	101148	15.5	101146	15.63	106902	97	31.44	1.35	3.35	546.99
793	190	31.0	101156	14.93	101159	14.93	106880	97	31.48	1.37	3.29	557.06
794	192	31.1	101154	15.59	101154	15.0	106769	97	31.39	1.5	3.73	500.14
795	193	31.1	101146	15.11	101154	15.55	106920	97	31.34	1.33	7.58	501.87
796	192	31.0	101154	15.06	101155	14.79	106802	97	31.31	1.39	1.1	488.0
797	194	31.1	101157	14.86	101158	15.4	106772	97	31.42	1.45	2.56	396.09
798	192	31.1	101148	15.19	101147	15.12	106968	97	31.23	1.49	9.34	511.89
799	193	31.0	101145	15.5	101147	15.76	107002	97	31.43	1.4	2.58	523.72
800	192	31.0	101156	15.49	101159	14.65	106862	97	31.32	1.46	5.63	388.67
801	192	31.0	101157	15.45	101154	15.48	107002	97	31.47	1.43	10.1	499.5
802	190	31.0	101158	15.46	101157	14.95	106758	97	31.46	1.45	3.72	480.63
803	191	31.1	101145	15.04	101155	15.14	107100	97	31.27	1.4	4.82	562.81
804	192	31.1	101158	15.83	101144	15.63	106584	96	31.37	1.42	2.03	485.02
805	192	31.1	101156	15.42	101156	15.52	106455	96	31.47	1.51	7.13	473.1
806	190	31.1	101157	14.83	101156	15.58	107040	97	31.27	1.52	6.37	378.15
807	190	31.0	101145	15.13	101146	14.91	106684	96	31.27	1.48	3.96	444.38
808	189	31.0	101153	15.73	101156	15.64	106766	97	31.32	1.52	4.85	517.44
809	190	31.1	101154	15.06	101153	15.14	106639	96	31.36	1.41	8.31	408.41
810	189	31.0	101156	14.79	101147	14.96	106501	96	31.41	1.39	2.95	414.4
811	191	31.0	101155	14.69	101156	14.94	106587	96	31.35	1.46	5.24	503.44
812	190	31.0	101150	14.56	101159	14.67	106870	97	31.35	1.43	4.84	424.31
813	190	31.1	101155	14.62	101153	14.9	106701	97	31.29	1.51	2.9	444.4
814	190	31.0	101162	14.84	101159	14.79	106972	97	31.43	1.46	5.71	419.59
815	190	31.0	101159	14.93	101157	14.69	107098	97	31.46	1.43	6.11	462.93
816	190	31.0	101159	14.86	101152	15.41	107034	97	31.34	1.41	2.58	544.17
817	192	31.0	101160	14.74	101157	14.83	106576	96	31.32	1.45	7.46	382.69
818	193	31.0	101146	15.45	101159	14.82	106811	97	31.58	1.45	4.41	454.44
819	193	31.0	101147	14.96	101151	14.96	106725	97	31.38	1.5	2.38	443.48
820	190	31.1	101155	15.53	101155	15.16	107017	97	31.39	1.35	19.92	493.49
821	190	30.9	101156	15.64	101158	15.52	106429	96	31.18	1.47	9.23	459.72
822	190	31.0	101140	14.95	101154	15.6	107026	97	31.32	1.41	9.97	462.79
823	187	31.0	101149	15.58	101158	15.04	106975	97	31.41	1.4	28.98	381.21
824	190	31.0	101151	14.88	101158	14.8	106746	97	31.4	1.43	14.44	400.98
825	190	31.1	101159	15.06	101151	14.82	106525	96	31.36	1.43	9.84	538.91
826	190	31.0	101145	15.12	101145	15.92	106452	96	31.41	1.33	4.87	376.42
827	194	31.1	101160	15.85	101155	15.04	106571	96	31.39	1.4	28.94	407.26
828	189	30.9	101151	15.86	101156	14.6	106532	96	31.47	1.4	4.38	384.31
829	189	31.0	101155	14.7	101159	15.32	106580	96	31.36	1.33	14.81	425.18
830	189	31.1	101147	14.7	101155	15.58	106361	96	31.34	1.4	16.86	518.76
831	190	31.0	101161	14.59	101159	14.56	106186	96	31.34	1.4	21.76	349.96
832	190	31.1	101155	14.61	101146	15.14	106539	96	31.44	1.42	10.15	367.91
833	192	31.0	101162	14.34	101160	14.71	106597	96	31.54	1.49	1.56	439.37
834	193	31.0	101145	14.95	101155	14.78	106586	96	31.56	1.34	9.44	507.78
835	190	31.0	101158	14.99	101155	14.97	106090	96	31.36	1.44	5.24	530.19
836	193	31.0	101154	14.74	101158	14.76	106345	96	31.32	1.38	7.41	465.54
837	191	31.0	101158	15.35	101158	14.87	106500	96	31.41	1.5	13.73	414.92
838	190	30.9	101150	14.62	101152	15.63	106244	96	31.35	1.49	3.0	374.48
839	191	31.0	101153	15.61	101156	15.0	106291	96	31.32	1.49	6.19	365.9
840	191	31.1	101149	14.95	101147	15.55	106677	96	31.38	1.35	3.77	429.92
841	193	31.0	101148	14.79	101149	15.58	106526	96	31.27	1.4	4.15	484.24
842	191	31.0	101146	15.75	101145	14.72	106062	96	31.44	1.43	6.48	527.91
843	191	31.0	101149	15.77	101157	15.66	106226	96	31.37	1.41	5.64	427.17
844	195	31.1	101150	15.85	101142	15.89	106457	96	31.35	1.46	3.51	509.39
845	197	31.0	101156	15.57	101148	15.05	106683	96	31.36	1.61	8.85	523.78
846	193	31.0	101147	15.52	101146	15.83	106149	96	31.36	1.48	7.91	477.02
847	192	31.0	101144	15.61	101145	15.12	106709	97	31.39	1.51	15.75	390.51
848	193	31.1	101151	15.48	101144	15.75	106770	97	31.53	1.48	3.65	424.88
849	194	31.0	101143	15.48	101147	14.89	106968	97	31.22	1.49	6.36	480.03
850	197	31.0	101148	15.01	101155	15.04	106339	96	31.27	1.39	10.8	484.18
851	196	31.0	101150	15.05	101151	14.78	106676	96	31.5	1.49	1.69	458.72
852	196	31.0	101155	15.41	101156	15.31	106876	97	31.27	1.4	8.49	478.0
853	197	31.0	101159	15.67	101148	15.68	106593	96	31.35	1.53	9.07	409.96
854	195	30.9	101150	15.39	101149	15.02	106415	96	31.33	1.41	4.14	487.43
855	194	31.0	101150	15.74	101146	15.7	106653	96	31.41	1.42	8.46	468.93
856	192	31.0	101158	14.87	101144	15.59	106568	96	31.22	1.51	10.82	557.67
857	194	31.1	101153	15.69	101156	15.09	106896	97	31.42	1.51	7.29	522.8
858	194	31.0	101156	14.89	101151	15.51	106440	96	31.45	1.32	6.35	408.74
859	195	31.1	101151	14.96	101159	15.29	106821	97	31.44	1.3	5.64	386.07
860	194	31.0	101150	15.39	101154	14.97	107062	97	31.46	1.42	6.68	538.4
861	193	31.0	101156	14.42	101161	14.5	106740	97	31.41	1.35	4.6	468.58
862	194	30.9	101160	15.09	101162	14.25	107008	97	31.47	1.46	9.72	446.77
863	195	31.0	101156	15.04	101154	14.93	106732	97	31.39	1.42	10.0	520.56
864	191	31.0	101158	14.89	101149	15.65	106615	96	31.34	1.37	9.96	480.27
865	193	31.0	101148	15.46	101146	14.57	106711	97	31.46	1.41	3.16	404.87
866	195	31.0	101155	15.36	101157	14.57	106706	97	31.41	1.43	4.02	445.89
867	195	31.0	101154	15.55	101155	15.9	106690	96	31.36	1.46	10.64	462.98
868	191	30.9	101147	14.95	101149	15.59	106694	96	31.27	1.39	10.84	469.67
869	192	31.0	101150	15.36	101155	14.65	106494	96	31.18	1.43	6.38	360.91
870	192	31.0	101156	15.35	101159	15.46	106495	96	31.36	1.31	5.84	363.94
871	197	31.0	101156	14.95	101151	14.41	106381	96	31.4	1.42	9.16	532.43
872	194	31.1	101154	15.08	101146	15.98	106757	97	31.42	1.44	6.58	370.84
873	195	31.0	101155	15.47	101149	15.12	106562	96	31.45	1.35	11.63	436.36
874	193	31.0	101158	14.69	101150	15.59	106468	96	31.32	1.41	9.52	474.42
875	192	31.0	101144	15.61	101149	14.94	106546	96	31.47	1.3	5.0	352.83
876	194	31.0	101146	15.08	101142	16.36	106765	97	31.36	1.46	9.82	354.36
877	192	30.9	101156	14.67	101158	15.36	106450	96	31.32	1.31	4.95	529.49
878	196	31.0	101149	15.48	101159	15.93	106520	96	31.44	1.37	5.7	357.55
879	192	31.0	101156	15.41	101149	16.0	106888	97	31.36	1.37	6.66	375.45
880	197	30.9	101146	15.35	101150	14.28	106730	97	31.32	1.35	19.35	504.97
881	192	31.0	101158	15.51	101146	15.48	105269	95	31.27	1.44	10.66	432.31
882	192	31.0	101154	14.81	101145	15.54	106510	96	31.32	1.42	12.94	401.98
883	190	31.0	101146	15.78	101154	15.46	101902	92	31.34	1.47	29.26	430.39
884	192	31.0	101143	15.78	101154	15.99	101935	92	31.32	1.44	5.56	466.71
885	192	31.0	101142	16.03	101155	15.57	102081	92	31.22	1.3	14.98	392.29
886	191	31.0	101139	15.95	101147	16.29	102509	93	31.22	1.42	3.71	383.83
887	192	31.0	101142	15.89	101151	15.62	102439	93	31.34	1.37	7.01	446.43
888	189	30.9	101143	15.72	101151	15.78	102419	93	31.33	1.41	1.75	343.1
889	191	31.0	101148	16.39	101148	15.47	102509	93	31.32	1.38	4.46	367.01
890	192	31.1	101145	15.99	101144	16.12	102644	93	31.32	1.34	2.81	453.89
891	191	31.0	101147	16.1	101147	16.23	102712	93	31.32	1.38	4.53	333.93
892	192	31.0	101144	16.13	101140	15.74	102631	93	31.36	1.37	7.88	317.07
893	194	31.1	101145	15.67	101146	14.84	102684	93	31.27	1.33	1.58	325.39
894	190	31.0	101149	15.36	101146	15.56	102797	93	31.36	1.49	6.21	270.6
895	192	31.0	101148	14.82	101151	14.78	102493	93	31.56	1.41	6.52	330.05
896	194	31.0	101155	14.42	101147	15.13	102511	93	31.41	1.43	10.24	360.75
897	192	31.0	101154	15.07	101149	14.99	102316	93	31.57	1.49	8.42	402.81
898	193	31.0	101143	15.14	101149	16.28	102547	93	31.32	1.38	5.58	252.33
899	197	31.0	101146	15.03	101145	15.75	102767	93	31.39	1.32	9.04	421.89
900	193	31.0	101143	16.06	101149	15.55	102743	93	31.32	1.45	8.82	313.05
901	191	31.0	101156	15.39	101151	14.52	102620	93	31.55	1.49	4.52	359.06
902	192	30.9	101143	15.13	101142	15.84	102420	93	31.32	1.37	6.52	245.97
903	190	31.0	101142	16.05	101145	16.39	102700	93	31.38	1.38	1.54	267.98
904	194	30.9	101148	15.76	101143	15.1	102571	93	31.49	1.48	1.11	333.25
905	192	31.0	101155	15.36	101150	14.98	103081	93	31.5	1.33	6.96	367.41
906	193	30.9	101147	16.08	101148	15.84	102658	93	31.49	1.41	9.21	277.28
907	190	31.0	101143	16.1	101155	15.57	103023	93	31.47	1.42	5.09	247.87
908	190	31.0	101144	16.05	101149	15.07	102871	93	31.48	1.48	6.28	323.1
909	193	31.0	101155	15.55	101150	15.27	103138	93	31.32	1.39	6.22	347.34
910	194	31.0	101149	15.25	101151	15.34	103503	94	31.35	1.38	9.09	364.52
911	193	31.0	101153	15.78	101153	15.62	104203	94	31.27	1.38	10.01	314.1
912	195	31.0	101155	14.95	101145	15.66	103973	94	31.42	1.34	10.76	265.68
913	190	31.0	101152	15.13	101155	15.14	95480	86	31.51	1.34	12.17	266.84
914	193	31.1	101158	15.09	101150	15.62	104305	94	31.42	1.44	31.84	369.11
915	191	31.0	101149	15.59	101154	15.79	105721	96	31.48	1.37	10.68	271.98
916	191	31.0	101146	15.07	101146	15.57	107707	97	31.27	1.4	63.94	273.06
917	191	31.1	101145	15.64	101153	15.46	112776	102	31.38	1.31	51.52	439.93
918	194	31.0	101155	15.75	101150	15.23	112542	102	31.49	1.46	16.08	339.88
919	193	31.0	101158	15.33	101156	14.94	112943	102	31.22	1.37	9.37	307.94
920	191	31.0	101155	15.49	101157	15.71	112878	102	31.37	1.43	12.56	401.41
921	193	31.0	101147	15.68	101142	15.16	112597	102	31.45	1.4	6.1	430.24
922	191	31.1	101148	15.14	101148	15.73	112567	102	31.44	1.35	0.97	403.68
923	192	31.1	101159	15.68	101143	15.49	112669	102	31.37	1.37	10.26	359.83
924	192	31.0	101148	15.04	101149	15.13	112847	102	31.32	1.34	10.85	306.05
925	193	31.1	101145	15.67	101150	15.73	112809	102	31.4	1.34	4.43	370.02
926	194	31.0	101149	15.52	101145	15.47	112212	102	31.25	1.36	6.24	304.82
927	196	31.1	101148	15.6	101145	15.89	112716	102	31.6	1.39	4.41	408.95
928	192	31.0	101153	15.7	101137	16.53	112245	102	31.27	1.44	6.39	284.39
929	191	31.1	101144	16.19	101143	15.78	112249	102	31.5	1.35	5.73	468.63
930	191	31.0	101149	15.88	101146	16.1	112594	102	31.44	1.35	9.88	328.54
931	190	31.0	101147	15.76	101150	15.47	112162	101	31.27	1.44	11.42	426.6
932	189	31.0	101146	16.03	101140	16.17	111960	101	31.33	1.36	25.19	299.86
933	192	30.9	101142	15.4	101149	14.87	112267	102	31.43	1.45	15.44	355.74
934	191	31.0	101147	15.44	101151	16.07	112136	101	31.42	1.48	5.44	359.02
935	191	31.0	101156	15.87	101145	15.65	111923	101	31.48	1.4	8.01	471.52
936	195	31.0	101149	15.54	101156	16.32	111731	101	31.55	1.41	2.16	373.45
937	193	31.0	101148	14.69	101156	15.53	111758	101	31.33	1.32	4.29	492.11
938	192	31.0	101145	16.1	101146	15.45	111791	101	31.48	1.42	1.96	431.06
939	193	31.0	101151	14.94	101146	15.43	111426	101	31.3	1.33	7.77	353.22
940	191	31.0	101156	15.89	101148	14.76	111759	101	31.39	1.39	14.39	424.82
941	193	30.9	101148	15.64	101148	15.75	111834	101	31.23	1.34	6.31	494.35
942	191	31.1	101143	15.98	101146	15.51	111829	101	31.52	1.44	2.61	412.36
943	191	31.0	101142	15.59	101144	16.17	111761	101	31.28	1.46	8.19	494.35
944	192	31.0	101145	15.37	101139	16.41	111417	101	31.37	1.32	8.91	435.9
945	191	31.0	101146	15.59	101145	15.85	111741	101	31.36	1.49	2.87	364.33
946	191	31.0	101142	16.04	101145	15.34	111527	101	31.36	1.4	5.56	490.72
947	194	31.1	101141	16.35	101156	15.81	111300	101	31.32	1.38	4.5	391.11
948	193	31.1	101150	15.56	101148	14.85	111550	101	31.46	1.5	5.7	344.84
949	191	31.1	101155	14.9	101157	15.95	111222	101	31.32	1.46	5.31	469.61
950	190	31.0	101144	15.44	101149	15.88	111216	101	31.47	1.5	3.99	429.51
951	193	31.0	101147	15.85	101153	15.47	111031	100	31.37	1.46	4.3	432.99
952	196	31.0	101155	15.56	101146	14.89	111419	101	31.37	1.5	7.95	466.83
953	197	31.0	101148	15.94	101147	15.42	111347	101	31.46	1.41	7.68	458.22
954	193	31.0	101144	15.0	101146	15.24	111246	101	31.27	1.44	1.73	482.52
955	191	31.1	101147	15.56	101154	15.07	111529	101	31.37	1.38	8.4	402.19
956	193	31.0	101145	15.63	101148	15.79	111048	100	31.27	1.48	5.06	516.47
957	192	31.0	101154	15.03	101147	15.3	111004	100	31.44	1.48	5.17	427.9
958	190	31.0	101149	15.25	101157	15.53	111131	101	31.36	1.39	7.97	449.05
959	191	31.1	101155	14.7	101158	15.08	111506	101	31.35	1.49	4.71	523.76
960	190	31.0	101157	15.01	101146	15.47	111136	101	31.44	1.48	6.1	337.58
961	190	31.1	101155	15.75	101148	15.0	110975	100	31.27	1.51	2.98	493.51
962	196	31.0	101147	15.63	101141	15.78	110886	100	31.45	1.35	8.36	429.79
963	191	30.9	101159	15.08	101154	15.47	110941	100	31.32	1.5	9.59	396.5
964	190	31.1	101155	14.98	101146	15.75	111129	101	31.33	1.45	6.65	472.5
965	192	31.0	101149	15.1	101149	15.13	111375	101	31.22	1.44	2.05	355.83
966	192	31.0	101152	15.25	101156	15.01	111403	101	31.35	1.41	11.99	355.83
967	194	30.9	101146	15.21	101147	15.64	110983	100	31.39	1.48	10.94	458.54
968	191	31.0	101143	15.46	101156	15.67	111041	100	31.27	1.36	12.12	415.28
969	192	31.0	101145	15.13	101143	15.86	110878	100	31.45	1.34	3.32	540.75
970	192	31.0	101144	15.48	101151	15.5	111082	100	31.5	1.28	17.8	442.75
971	192	31.2	101149	15.5	101144	16.06	111236	101	31.45	1.42	12.49	406.23
972	192	30.9	101147	15.66	101145	15.97	110920	100	31.43	1.39	13.72	421.47
973	190	31.0	101147	14.76	101148	15.51	111277	101	31.22	1.42	6.35	408.66
974	189	30.9	101154	15.5	101144	15.64	111185	101	31.32	1.35	4.2	411.79
975	190	31.0	101158	15.53	101155	14.72	111285	101	31.35	1.38	2.31	362.77
976	190	31.0	101147	15.42	101152	15.69	110853	100	31.32	1.5	3.18	505.57
977	191	31.1	101147	15.02	101147	15.17	110882	100	31.47	1.46	5.58	439.68
978	195	30.9	101144	15.44	101146	14.9	111092	100	31.4	1.51	14.67	432.59
979	194	31.0	101143	16.28	101149	14.88	111208	101	31.32	1.47	11.84	494.2
980	192	31.0	101150	15.51	101149	15.7	110663	100	31.36	1.5	11.56	500.56
981	192	31.0	101155	14.98	101158	15.32	110681	100	31.35	1.44	1.47	410.39
982	191	31.0	101152	15.12	101154	14.99	111088	100	31.29	1.43	8.08	482.29
983	188	31.0	101149	15.55	101148	15.75	110991	100	31.19	1.43	14.29	372.17
984	189	31.1	101153	15.88	101146	15.51	110897	100	31.32	1.37	6.13	396.48
985	189	31.0	101149	15.66	101149	16.06	110599	100	31.58	1.44	4.8	393.33
986	190	31.0	101142	14.94	101149	14.76	110919	100	31.43	1.42	3.55	441.48
987	190	31.0	101148	15.12	101143	15.57	110545	100	31.37	1.41	10.07	445.17
988	190	31.0	101155	14.99	101149	15.45	110993	100	31.22	1.45	12.6	440.81
989	191	31.1	101149	14.99	101155	15.43	111012	100	31.42	1.48	4.49	504.11
990	191	31.1	101145	15.42	101148	15.38	110906	100	31.37	1.45	8.41	376.75
991	192	31.0	101154	15.03	101157	14.47	110387	100	31.36	1.35	5.53	396.43
992	191	31.1	101150	14.9	101154	14.71	110955	100	31.47	1.49	7.1	362.24
993	193	31.1	101157	14.9	101151	15.22	110467	100	31.35	1.34	5.04	487.55
994	190	31.1	101154	15.15	101152	15.69	110580	100	31.27	1.39	8.45	490.96
995	194	31.1	101158	15.29	101153	15.51	110456	100	31.49	1.46	5.6	530.7
996	190	31.1	101156	15.32	101155	14.72	110931	100	31.34	1.36	7.22	408.06
997	192	31.1	101149	15.79	101147	14.8	110606	100	31.32	1.44	9.66	444.06
998	192	31.1	101157	14.77	101150	15.54	110649	100	31.32	1.42	1.8	475.83
999	190	31.0	101155	14.88	101149	15.77	110350	100	31.32	1.42	5.77	378.93
1000	191	31.1	101154	14.76	101154	15.61	110353	100	31.36	1.49	2.37	368.42
