1	229	29.1	101178	13.09	101188	13.15	90123	81	30.66	1.83	13.31	791.96
2	225	29.3	101181	12.74	101188	12.52	90200	82	30.75	2.04	15.52	432.67
3	227	29.3	101184	12.79	101181	13.26	90174	81	30.58	1.84	12.05	887.69
4	227	29.3	101182	13.36	101175	13.37	90042	81	30.67	1.79	8.65	863.1
5	229	29.2	101178	12.93	101177	12.24	90013	81	30.63	1.98	19.39	930.02
6	227	29.2	101185	12.76	101184	13.13	89953	81	30.69	1.89	9.91	917.34
7	227	29.4	101182	12.95	101182	12.27	89985	81	30.75	2.0	12.8	751.44
8	226	29.2	101182	13.09	101183	13.04	90413	82	30.68	1.85	15.84	523.45
9	227	29.1	101177	13.04	101182	12.3	90124	81	30.74	1.94	19.64	383.72
10	225	29.3	101176	12.87	101175	13.11	89979	81	30.58	2.0	5.15	739.08
11	226	29.3	101178	13.01	101180	13.39	90481	82	30.79	1.9	20.49	548.13
12	226	29.3	101179	13.12	101181	13.2	90285	82	30.96	1.9	12.71	767.42
13	226	29.3	101179	13.09	101183	12.78	89901	81	30.58	1.77	9.22	384.34
14	225	29.3	101172	13.36	101171	12.93	90297	82	30.74	2.0	9.36	642.41
15	226	29.3	101185	12.94	101183	12.48	90163	81	30.68	2.01	22.69	864.76
16	226	29.3	101186	12.68	101179	13.26	89837	81	30.82	1.99	15.49	927.03
17	226	29.3	101177	12.56	101183	12.97	89808	81	30.72	1.9	12.01	590.06
18	228	29.3	101187	12.8	101176	12.92	90042	81	30.63	1.88	18.91	893.2
19	225	29.3	101173	13.2	101184	13.21	90055	81	30.63	1.76	17.43	620.38
20	230	29.3	101175	13.24	101173	13.52	89577	81	30.83	1.88	17.14	421.46
21	228	29.3	101180	12.42	101182	12.8	89977	81	30.66	1.91	5.29	549.45
22	223	29.3	101181	12.82	101178	12.75	90165	81	30.68	1.8	15.93	763.75
23	223	29.2	101186	12.77	101184	13.07	89831	81	30.73	1.97	14.65	638.94
24	221	29.3	101182	13.01	101182	13.27	90046	81	30.64	1.96	13.38	943.01
25	226	29.3	101178	13.44	101178	12.67	89905	81	30.58	1.96	14.57	573.14
26	223	29.3	101180	12.64	101178	12.7	89854	81	30.58	1.9	14.19	791.34
27	227	29.3	101175	13.13	101180	12.67	89672	81	30.68	1.85	4.88	855.43
28	227	29.2	101184	12.88	101179	13.01	90077	81	30.63	1.98	23.04	798.74
29	228	29.3	101180	13.25	101178	12.68	89664	81	30.57	1.92	17.4	925.61
30	224	29.3	101177	13.07	101175	12.52	89968	81	30.61	1.94	13.18	528.58
31	230	29.4	101182	12.97	101184	12.61	90133	81	30.65	1.83	10.56	406.89
32	229	29.3	101182	13.25	101180	12.36	90141	81	30.82	1.86	20.03	608.03
33	226	29.3	101181	12.96	101181	13.32	90282	82	30.66	1.78	4.35	765.19
34	227	29.3	101184	12.91	101181	12.27	90040	81	30.64	1.91	1.85	392.27
35	225	29.3	101184	12.87	101181	12.75	90014	81	30.7	1.89	12.06	597.49
36	228	29.4	101182	12.53	101180	12.42	89919	81	30.77	1.8	22.04	752.68
37	226	29.3	101182	12.58	101184	12.62	90388	82	30.77	1.83	14.35	536.82
38	228	29.3	101180	12.7	101184	13.05	90735	82	30.71	1.97	3.53	933.83
39	227	29.3	101178	12.57	101183	12.74	90228	82	30.71	1.98	20.96	597.85
40	231	29.3	101182	13.21	101179	12.31	90476	82	30.68	1.96	15.84	611.93
41	228	29.3	101183	13.37	101177	13.03	90310	82	30.62	1.87	10.5	835.97
42	226	29.4	101182	12.71	101182	12.3	89819	81	30.82	1.81	14.11	885.08
43	233	29.3	101185	12.83	101177	12.77	89161	81	30.71	1.96	3.31	420.15
44	230	29.3	101181	12.3	101185	12.73	88523	80	30.81	2.0	20.05	489.21
45	226	29.2	101172	13.35	101179	13.27	86799	78	30.86	1.82	4.86	454.33
46	226	29.4	101186	12.87	101182	12.55	83214	75	30.54	1.98	14.73	658.58
47	229	29.2	101179	12.83	101180	12.96	79881	72	30.78	2.01	19.67	1051.48
48	230	29.3	101183	13.05	101170	12.97	82217	74	30.8	1.93	5.98	476.69
49	227	29.3	101180	13.62	101177	13.12	81065	73	30.68	1.83	19.02	449.66
50	225	29.3	101178	12.75	101178	12.95	80045	72	30.71	1.88	12.71	959.1
51	226	29.3	101180	13.28	101176	13.28	79800	72	30.63	1.95	8.87	603.32
52	228	29.3	101181	12.72	101181	12.94	89402	81	30.8	1.97	4.49	861.28
53	230	29.3	101178	12.55	101183	12.96	89412	81	30.74	1.93	3.88	985.37
54	228	29.3	101178	13.19	101180	13.59	88651	80	30.7	1.9	6.21	556.47
55	227	29.3	101183	12.95	101177	13.23	87853	79	30.62	1.83	9.13	697.64
56	226	29.4	101179	12.24	101181	12.86	87296	79	30.69	1.91	19.42	368.4
57	225	29.4	101179	13.01	101171	13.6	87118	79	30.76	1.85	10.38	996.65
58	226	29.4	101184	12.47	101183	12.94	88119	80	30.77	1.9	12.95	956.32
59	225	29.4	101175	12.95	101185	13.44	89070	80	30.75	1.85	9.79	450.13
60	226	29.4	101187	12.73	101180	13.42	89177	81	30.89	1.95	16.3	615.17
61	226	29.4	101178	13.95	101178	12.78	89167	81	30.68	1.91	10.89	374.09
62	226	29.4	101179	12.73	101179	13.07	89468	81	30.79	1.83	4.71	917.16
63	227	29.4	101181	12.11	101185	12.35	89820	81	30.71	1.87	16.93	781.21
64	226	29.4	101180	13.04	101182	13.23	89570	81	30.69	1.88	13.99	368.23
65	227	29.4	101179	12.57	101181	13.04	89717	81	30.74	1.97	20.71	389.34
66	225	29.4	101185	12.69	101185	12.4	89704	81	30.58	1.96	11.07	574.47
67	228	29.3	101181	12.77	101185	12.78	89610	81	30.63	1.98	2.72	703.45
68	232	29.5	101189	12.3	101183	12.03	89914	81	30.54	2.01	10.58	390.54
69	227	29.4	101182	12.25	101186	12.9	89482	81	30.54	1.83	4.51	827.6
70	226	29.4	101182	12.86	101180	13.28	89297	81	30.63	1.94	7.31	581.69
71	227	29.3	101180	13.01	101184	12.77	89486	81	30.87	1.87	8.9	993.86
72	228	29.4	101186	12.72	101179	13.35	89628	81	30.78	1.87	18.27	999.09
73	226	29.5	101168	13.3	101185	12.91	89148	81	30.77	1.92	8.05	570.05
74	228	29.3	101182	12.83	101181	13.04	89492	81	30.72	1.91	13.18	846.08
75	226	29.4	101177	12.92	101182	13.01	89339	81	30.64	1.81	16.74	381.34
76	232	29.4	101187	13.33	101180	13.06	89699	81	30.72	1.83	3.1	938.44
77	228	29.4	101177	13.54	101178	12.79	89441	81	30.74	1.97	9.56	573.51
78	230	29.4	101188	12.34	101187	12.84	89342	81	30.55	1.98	11.72	442.79
79	231	29.3	101185	12.77	101187	12.21	89272	81	30.54	1.81	4.73	732.68
80	227	29.4	101179	12.81	101186	13.28	89284	81	30.66	2.0	14.08	749.16
81	228	29.3	101189	12.53	101191	12.4	89523	81	30.72	1.95	20.69	974.45
82	229	29.4	101176	13.03	101179	12.93	89007	80	30.73	1.85	13.99	426.81
83	228	29.3	101177	12.76	101183	12.42	89462	81	30.62	1.83	20.42	1064.37
84	229	29.4	101181	12.66	101184	12.56	89186	81	30.77	1.84	9.48	931.29
85	225	29.4	101183	12.57	101185	12.66	89033	80	30.59	1.79	14.52	578.66
86	224	29.5	101188	12.79	101180	12.95	88707	80	30.79	1.99	21.13	542.68
87	224	29.4	101187	12.61	101185	12.53	88971	80	30.58	1.77	18.3	777.73
88	226	29.4	101184	12.83	101184	12.74	88894	80	30.73	1.99	9.33	1060.72
89	226	29.3	101181	12.5	101186	12.83	88996	80	30.68	1.93	7.83	627.97
90	226	29.3	101191	12.26	101187	12.64	89001	80	30.68	1.97	10.24	501.0
91	237	29.4	101186	12.51	101184	12.85	89083	80	30.71	1.99	8.33	627.2
92	226	29.4	101180	12.55	101185	12.36	88901	80	30.66	1.78	5.92	511.68
93	228	29.4	101184	12.56	101190	12.33	88994	80	30.73	2.03	70.24	1042.2
94	228	29.4	101183	12.39	101179	12.58	88961	80	30.8	2.15	42.31	608.38
95	226	29.4	101190	12.94	101183	13.09	89014	80	30.77	1.83	31.36	882.4
96	226	29.4	101180	12.45	101176	12.72	88468	80	30.85	2.01	11.88	1036.55
97	228	29.4	101184	12.5	101184	12.79	89037	80	30.79	2.01	20.79	696.41
98	233	29.4	101186	12.64	101188	12.98	88586	80	30.75	2.0	2.64	912.4
99	233	29.4	101179	13.52	101179	12.77	88557	80	30.84	1.89	8.31	403.36
100	226	29.4	101182	13.35	101183	12.86	88335	80	30.77	1.92	11.86	456.02
101	226	29.4	101185	12.34	101182	13.2	88737	80	30.63	1.89	19.26	818.63
102	227	29.4	101178	12.89	101179	13.11	88635	80	30.76	1.77	16.5	457.06
103	227	29.4	101178	13.21	101183	12.89	88706	80	30.59	1.81	19.96	628.47
104	227	29.4	101185	13.21	101185	12.56	88897	80	30.65	1.8	6.46	606.52
105	227	29.4	101186	13.01	101182	12.55	89153	81	30.78	1.88	18.01	853.27
106	229	29.3	101183	12.87	101181	12.81	88772	80	30.67	1.95	22.47	798.58
107	229	29.4	101181	12.74	101182	12.89	88649	80	30.63	1.9	16.69	628.57
108	229	29.4	101181	13.34	101175	12.99	89128	81	30.96	1.82	15.46	773.22
109	228	29.4	101185	13.15	101179	12.89	88825	80	30.73	1.92	20.94	543.96
110	227	29.4	101180	13.52	101177	12.82	89023	80	30.58	1.96	18.63	593.06
111	226	29.4	101183	12.88	101182	13.08	88893	80	30.72	2.05	26.77	731.45
112	230	29.4	101184	12.62	101181	13.03	89196	81	30.73	1.92	18.46	946.46
113	225	29.3	101180	12.92	101182	12.4	88836	80	30.69	1.99	12.75	388.15
114	225	29.4	101178	12.58	101188	12.91	88654	80	30.62	1.78	13.9	1004.28
115	229	29.3	101178	12.76	101185	12.51	88914	80	30.69	2.01	17.3	741.54
116	226	29.4	101182	12.59	101186	12.09	88668	80	30.78	1.95	22.33	993.24
117	225	29.4	101180	13.2	101182	12.92	88210	80	30.63	1.94	3.8	896.52
118	226	29.4	101181	12.79	101186	12.34	88694	80	30.72	1.88	22.91	1018.7
119	227	29.4	101179	12.93	101183	12.68	88231	80	30.65	1.95	13.1	762.66
120	226	29.4	101181	12.91	101189	12.96	88804	80	30.74	1.87	20.12	915.62
121	226	29.4	101182	13.17	101177	12.44	88065	80	30.65	1.93	16.99	460.57
122	224	29.4	101181	12.98	101185	13.07	88265	80	30.58	1.95	9.9	791.39
123	227	29.4	101184	12.4	101188	12.37	88669	80	30.89	1.84	8.09	927.15
124	224	29.4	101184	12.27	101186	12.55	88493	80	30.62	1.92	7.97	489.6
125	224	29.3	101180	13.46	101187	12.72	88229	80	30.64	1.87	9.66	910.69
126	226	29.3	101186	12.66	101178	12.48	88623	80	30.84	1.95	6.27	536.72
127	226	29.4	101185	13.05	101183	12.89	88597	80	30.85	1.91	18.87	778.0
128	225	29.4	101182	13.05	101179	13.6	88600	80	30.74	1.82	9.79	929.02
129	226	29.5	101175	13.02	101180	12.89	88577	80	30.67	1.78	19.18	1062.16
130	225	29.4	101177	12.69	101184	12.7	88278	80	30.85	2.02	19.04	902.03
131	225	29.4	101175	13.05	101183	12.93	88559	80	30.58	1.96	12.97	1004.99
132	227	29.4	101189	12.67	101175	12.94	87977	79	30.7	1.97	22.6	1034.01
133	228	29.4	101186	12.68	101183	12.31	88203	80	30.73	2.01	6.06	646.46
134	227	29.4	101179	13.05	101179	13.14	88633	80	30.68	1.96	3.53	778.4
135	226	29.4	101175	12.59	101179	12.45	88718	80	30.66	2.03	12.62	711.21
136	227	29.4	101184	13.22	101174	13.15	88549	80	30.58	2.02	19.01	833.32
137	228	29.3	101182	12.9	101181	12.87	88406	80	30.7	1.81	16.28	884.06
138	227	29.4	101182	12.61	101184	12.51	88407	80	30.83	1.85	7.76	696.26
139	231	29.3	101192	12.08	101181	12.3	88131	80	30.63	1.78	10.05	677.33
140	226	29.5	101189	12.66	101184	12.74	88549	80	30.83	1.79	13.03	631.62
141	226	29.4	101186	12.72	101183	12.53	88645	80	30.63	1.97	5.7	988.73
142	228	29.5	101190	12.54	101183	12.45	88885	80	30.84	1.83	19.56	1011.79
143	229	29.5	101184	12.13	101190	12.33	88175	80	30.59	1.98	11.29	741.94
144	227	29.6	101189	12.43	101186	12.47	88199	80	30.7	2.01	11.06	392.91
145	228	29.5	101185	12.12	101193	12.14	88512	80	30.76	1.79	9.35	782.81
146	227	29.5	101195	12.23	101190	12.18	88604	80	30.78	1.79	2.8	442.99
147	229	29.5	101186	12.21	101187	12.67	88518	80	30.66	1.86	12.78	707.85
148	228	29.4	101187	12.47	101187	12.89	88573	80	30.66	1.98	3.49	397.02
149	230	29.5	101187	12.85	101180	12.86	88284	80	30.7	1.88	11.26	607.27
150	230	29.5	101183	13.01	101183	12.68	88741	80	30.87	1.88	15.87	991.36
151	229	29.5	101183	12.76	101185	12.58	88124	80	30.58	1.86	20.26	1007.18
152	227	29.5	101186	12.91	101174	12.96	88156	80	30.65	2.03	7.12	676.39
153	233	29.5	101181	12.62	101184	12.63	88489	80	30.72	1.87	5.54	385.31
154	226	29.5	101180	12.87	101187	12.5	88629	80	30.9	1.89	11.35	1062.45
155	228	29.5	101180	12.98	101179	13.1	88704	80	30.67	1.83	10.54	491.45
156	227	29.4	101183	12.56	101187	12.86	88554	80	30.68	1.85	4.74	505.71
157	229	29.5	101179	12.87	101183	12.89	88906	80	30.64	1.8	12.81	1015.61
158	226	29.4	101178	13.04	101179	13.36	88575	80	30.63	1.89	5.5	1066.87
159	228	29.5	101182	13.08	101177	13.16	88423	80	30.78	1.8	6.34	502.92
160	233	29.5	101180	12.93	101176	13.28	88387	80	30.67	1.88	15.16	600.33
161	231	29.5	101180	13.25	101183	12.8	88841	80	30.87	1.8	10.5	592.22
162	226	29.4	101176	13.19	101177	13.17	88933	80	30.65	2.05	40.72	918.72
163	228	29.5	101176	12.79	101181	12.46	89036	80	30.79	1.77	9.72	442.8
164	226	29.5	101183	12.71	101183	12.4	88870	80	30.8	1.89	29.69	784.14
165	228	29.4	101180	13.18	101186	12.77	88746	80	30.83	2.02	7.0	969.48
166	226	29.5	101185	12.67	101185	12.77	88979	80	30.77	1.91	23.81	591.59
167	228	29.5	101176	13.49	101180	13.25	89010	80	30.77	1.79	9.43	914.83
168	226	29.5	101186	13.15	101181	12.45	88640	80	30.74	1.96	22.39	979.9
169	224	29.5	101185	12.82	101187	12.68	88863	80	30.63	2.02	13.52	890.2
170	227	29.5	101183	12.82	101182	12.86	88959	80	30.75	1.88	24.21	1004.98
171	226	29.5	101182	12.8	101180	13.09	88264	80	30.63	1.89	20.2	783.72
172	230	29.4	101180	12.45	101173	12.77	88445	80	30.68	2.02	4.5	626.81
173	230	29.5	101184	12.92	101186	12.95	88871	80	30.82	1.96	6.75	554.99
174	231	29.6	101180	12.77	101180	12.88	88770	80	30.65	1.85	21.61	724.79
175	231	29.5	101184	12.87	101181	13.03	88330	80	30.7	2.0	25.61	875.75
176	232	29.5	101184	12.79	101180	13.24	88937	80	30.77	1.99	18.46	508.2
177	233	29.5	101183	12.65	101180	13.22	89085	80	30.58	2.01	9.33	668.26
178	228	29.4	101182	12.77	101180	12.31	88941	80	30.7	1.95	27.01	623.23
179	227	29.5	101182	12.99	101181	13.45	88529	80	30.71	1.89	17.38	798.89
180	233	29.5	101180	12.84	101183	12.61	88907	80	30.87	2.03	9.01	988.92
181	238	29.4	101180	12.68	101185	12.95	89108	81	30.64	1.86	23.4	998.5
182	232	29.5	101183	12.96	101184	12.2	88407	80	30.72	1.86	15.83	406.45
183	228	29.5	101177	13.08	101185	13.17	88547	80	30.72	1.91	12.66	437.94
184	229	29.5	101179	12.74	101181	12.55	88625	80	30.8	1.97	24.05	1038.57
185	226	29.4	101184	12.78	101183	13.17	88610	80	30.77	1.85	12.03	685.55
186	226	29.5	101176	12.91	101182	13.0	88323	80	30.7	1.83	22.12	390.1
187	229	29.5	101178	12.68	101184	12.8	88500	80	30.68	1.83	24.56	1055.93
188	230	29.5	101177	13.04	101176	13.03	88349	80	30.64	1.99	9.46	686.56
189	228	29.5	101179	12.79	101185	12.74	88637	80	30.82	1.84	44.88	857.32
190	228	29.5	101177	13.2	101174	12.6	88556	80	30.69	2.0	13.09	921.5
191	231	29.5	101184	12.61	101187	12.66	88258	80	30.84	1.81	25.68	548.96
192	230	29.5	101183	12.62	101177	12.51	88004	80	30.72	1.78	4.83	1042.23
193	228	29.6	101179	12.69	101187	11.88	88371	80	30.58	1.79	10.77	1043.57
194	226	29.5	101181	12.63	101178	12.81	88721	80	30.72	1.78	8.1	440.81
195	234	29.5	101179	12.93	101177	12.93	88662	80	30.68	1.84	17.18	659.96
196	228	29.5	101178	13.33	101187	13.14	88304	80	30.71	1.88	12.92	953.06
197	226	29.5	101175	13.04	101185	13.14	88448	80	30.86	1.92	18.56	460.33
198	228	29.6	101176	12.75	101182	12.15	88622	80	30.83	1.82	10.6	413.68
199	227	29.4	101185	12.75	101177	12.8	88366	80	30.63	1.79	16.47	836.87
200	229	29.5	101182	12.65	101188	12.63	88379	80	30.62	1.88	19.42	940.08
201	228	29.5	101178	13.15	101179	12.72	88646	80	30.78	2.02	10.93	891.37
202	225	29.6	101185	13.09	101179	13.57	88651	80	30.58	1.94	10.73	922.38
203	227	29.5	101178	12.95	101179	13.67	88506	80	30.77	2.02	19.8	701.69
204	227	29.5	101177	13.9	101177	12.78	88052	80	30.79	1.85	0.57	803.83
205	229	29.5	101182	12.85	101178	12.62	88389	80	30.88	1.89	20.34	1039.17
206	229	29.5	101178	12.99	101179	12.93	88209	80	30.72	1.86	3.98	519.12
207	230	29.5	101180	12.53	101181	12.46	88413	80	30.86	1.8	8.15	694.26
208	232	29.5	101185	12.37	101182	12.39	88619	80	30.76	2.02	4.82	916.51
209	232	29.5	101183	13.06	101187	12.53	89566	81	30.72	1.91	7.7	916.72
210	230	29.5	101176	13.34	101185	12.71	89195	81	30.75	1.84	8.59	1018.66
211	230	29.4	101179	12.3	101179	12.11	89111	81	30.85	1.84	6.14	696.72
212	232	29.6	101182	12.59	101186	12.59	87697	79	30.85	2.0	4.79	458.1
213	232	29.5	101181	12.7	101187	12.01	89034	80	30.72	2.03	4.4	1052.43
214	231	29.5	101187	12.45	101191	12.42	87378	79	30.8	2.02	5.7	391.69
215	231	29.5	101178	13.22	101183	12.7	86682	78	30.82	1.89	1.87	784.99
216	229	29.5	101191	12.43	101184	12.34	86128	78	30.87	1.82	14.55	393.13
217	231	29.5	101181	12.9	101188	12.36	87035	79	30.75	1.81	10.48	844.58
218	235	29.5	101186	13.04	101184	12.34	87337	79	30.68	1.81	13.12	961.72
219	230	29.5	101185	12.84	101187	12.71	87652	79	30.85	1.99	12.4	619.12
220	230	29.4	101185	12.82	101179	12.68	87053	79	30.63	1.84	2.09	480.27
221	232	29.5	101189	12.99	101184	12.85	87201	79	30.72	2.05	19.77	464.71
222	233	29.6	101175	12.46	101187	12.02	87549	79	30.85	2.02	14.46	786.92
223	233	29.5	101183	13.07	101188	12.59	87498	79	30.72	1.94	4.24	811.31
224	230	29.5	101184	12.6	101185	12.35	87119	79	30.84	2.0	20.36	433.5
225	231	29.5	101184	12.6	101195	12.02	87473	79	30.87	1.95	10.12	749.83
226	234	29.5	101191	12.55	101184	12.81	87473	79	30.75	2.04	7.23	901.98
227	234	29.5	101178	13.11	101181	13.47	87549	79	30.9	1.89	8.89	501.19
228	231	29.5	101182	13.1	101175	13.15	87818	79	30.7	1.96	2.11	536.47
229	231	29.5	101179	12.71	101187	12.7	87717	79	30.64	1.89	11.74	814.77
230	231	29.5	101182	13.01	101182	12.28	87893	79	30.87	1.84	12.67	796.89
231	233	29.5	101173	12.43	101183	13.24	88718	80	30.69	1.88	4.93	628.29
232	233	29.4	101176	13.51	101185	12.96	88721	80	30.77	1.98	6.18	951.58
233	229	29.5	101181	12.39	101183	12.09	88368	80	30.68	2.0	13.56	978.66
234	228	29.5	101176	12.95	101180	12.63	88556	80	30.85	1.88	19.6	840.95
235	228	29.6	101181	12.98	101183	12.62	88254	80	30.88	1.89	15.99	745.13
236	228	29.5	101189	12.33	101169	13.37	88453	80	30.73	1.95	14.11	926.15
237	232	29.4	101175	13.71	101178	13.5	88088	80	30.72	2.04	21.41	454.33
238	229	29.5	101178	12.62	101179	12.42	88482	80	30.69	1.8	18.58	457.55
239	229	29.4	101174	13.17	101182	13.32	88616	80	30.72	1.83	17.57	612.81
240	238	29.5	101181	13.88	101181	12.8	88500	80	30.75	1.93	15.09	923.86
241	233	29.5	101176	13.53	101168	13.11	88776	80	30.81	1.85	9.82	555.05
242	227	29.5	101182	13.9	101185	13.18	88832	80	30.68	1.84	12.91	751.25
243	227	29.5	101176	13.14	101178	12.9	88677	80	30.68	1.88	11.81	684.33
244	227	29.4	101179	13.25	101181	13.06	88673	80	30.87	1.79	10.35	445.53
245	228	29.5	101177	12.86	101182	12.93	88568	80	30.74	1.96	4.74	862.61
246	229	29.5	101180	13.11	101187	12.99	88325	80	30.78	1.82	17.22	819.69
247	228	29.6	101185	12.83	101188	12.71	88774	80	30.82	1.94	14.15	653.77
248	237	29.5	101177	13.41	101175	12.98	87888	79	30.72	2.03	14.24	691.11
249	228	29.5	101174	13.32	101174	13.09	88196	80	30.68	1.8	14.27	1048.23
250	232	29.6	101178	13.43	101180	13.22	88428	80	30.72	1.85	3.35	958.15
251	231	29.5	101187	12.46	101176	12.66	88599	80	30.68	1.97	16.01	512.59
252	229	29.5	101183	12.92	101185	12.62	88481	80	30.83	1.91	4.79	960.93
253	229	29.5	101176	12.4	101183	12.78	88754	80	30.81	1.91	4.66	922.93
254	230	29.5	101178	12.72	101179	13.08	88846	80	30.72	1.9	10.01	715.9
255	229	29.5	101176	13.39	101173	13.03	88812	80	30.82	1.81	18.61	772.96
256	231	29.5	101184	13.09	101185	12.99	88510	80	30.65	2.03	20.3	721.91
257	231	29.5	101180	12.52	101178	12.8	88508	80	30.75	1.89	12.29	952.11
258	231	29.5	101185	13.2	101180	12.59	88645	80	30.76	1.87	9.52	1001.39
259	231	29.5	101182	12.86	101180	12.89	88836	80	30.76	2.0	15.72	1035.51
260	232	29.5	101183	13.16	101171	13.23	88389	80	30.72	1.85	20.12	808.65
261	234	29.5	101178	13.44	101174	13.59	88645	80	30.8	1.99	6.76	1011.74
262	237	29.4	101182	12.96	101177	13.26	88535	80	30.63	1.95	9.37	614.97
263	232	29.5	101177	13.12	101178	12.84	88631	80	30.83	1.99	5.57	465.31
264	236	29.4	101182	12.72	101183	13.14	88113	80	30.81	1.93	10.93	412.31
265	237	29.5	101176	13.55	101180	13.16	88047	80	30.63	1.9	11.46	608.57
266	237	29.5	101177	12.41	101183	13.07	88149	80	30.72	1.94	16.22	496.66
267	233	29.5	101181	12.81	101179	12.72	88105	80	30.63	1.86	14.83	531.91
268	236	29.5	101174	12.67	101181	12.89	87681	79	30.66	2.05	8.71	663.04
269	245	29.5	101181	12.82	101177	13.26	88107	80	30.79	1.91	16.56	929.23
270	243	29.5	101181	13.06	101179	12.7	88595	80	30.63	1.8	11.42	764.2
271	234	29.5	101183	13.2	101187	13.02	88425	80	30.68	2.0	9.23	772.47
272	232	29.4	101173	12.7	101181	13.12	88382	80	30.73	1.89	7.22	769.73
273	235	29.5	101177	12.71	101181	13.04	88044	80	30.69	1.84	16.96	552.42
274	233	29.5	101183	12.17	101186	12.7	88438	80	30.67	1.95	10.83	510.61
275	235	29.5	101184	12.66	101183	12.82	88492	80	30.78	1.86	22.68	734.11
276	233	29.5	101182	13.29	101171	14.13	88019	80	30.78	1.9	15.96	502.24
277	238	29.5	101173	12.53	101182	12.75	88062	80	30.67	1.78	10.61	835.4
278	237	29.5	101177	12.73	101181	13.03	88273	80	30.68	1.88	4.64	1040.94
279	235	29.5	101179	13.03	101181	12.63	88230	80	30.81	1.85	14.87	970.56
280	239	29.4	101184	12.65	101184	12.81	88069	80	30.62	2.03	10.0	881.98
281	237	29.5	101182	12.8	101176	13.57	88038	80	30.73	1.99	3.17	968.0
282	235	29.5	101182	13.21	101184	13.06	88329	80	30.68	1.91	15.4	637.94
283	234	29.6	101170	12.95	101179	12.79	87976	79	30.83	1.97	2.32	891.9
284	238	29.5	101183	13.31	101175	13.34	88359	80	30.73	1.97	22.31	842.16
285	236	29.4	101183	12.55	101186	12.48	87707	79	30.61	2.02	4.91	450.25
286	234	29.4	101183	12.72	101183	12.98	88082	80	30.63	1.88	2.48	877.29
287	234	29.5	101184	13.1	101183	12.42	88430	80	30.66	2.01	13.3	989.36
288	237	29.5	101174	13.1	101184	12.59	88455	80	30.63	1.98	17.4	380.6
289	234	29.5	101180	13.15	101185	12.85	87798	79	30.82	2.03	4.76	737.95
290	237	29.5	101181	12.79	101180	12.45	88151	80	30.82	1.79	4.38	990.07
291	237	29.5	101181	12.78	101184	12.92	88286	80	30.74	2.01	18.63	1000.04
292	234	29.5	101183	12.6	101180	13.03	88527	80	30.68	1.94	19.4	645.26
293	231	29.5	101182	13.05	101179	12.93	87859	79	30.63	1.93	6.9	826.58
294	231	29.5	101180	12.74	101177	13.2	88070	80	30.71	1.8	9.77	617.63
295	231	29.5	101192	12.45	101189	12.5	88069	80	30.67	2.04	3.08	856.48
296	229	29.5	101187	12.44	101186	13.0	88406	80	30.68	1.79	10.43	723.73
297	232	29.4	101179	13.53	101182	13.32	88081	80	30.66	1.86	15.44	615.54
298	230	29.6	101179	12.85	101183	13.03	88341	80	30.76	1.85	4.53	852.57
299	231	29.5	101177	12.73	101182	13.22	88272	80	30.83	1.86	20.84	549.51
300	232	29.6	101183	12.76	101190	12.76	88205	80	30.84	1.89	14.79	943.84
301	233	29.5	101183	13.08	101181	13.03	87966	79	30.84	1.9	15.97	982.89
302	231	29.5	101180	13.21	101173	13.38	88106	80	30.76	1.82	12.09	758.02
303	234	29.5	101183	13.25	101177	13.14	88061	80	30.75	1.93	9.5	937.09
304	231	29.5	101177	13.09	101182	12.97	88432	80	30.66	1.87	4.63	422.25
305	234	29.5	101183	12.75	101184	12.76	88152	80	30.75	1.81	13.55	943.16
306	239	29.5	101180	13.26	101180	12.96	87700	79	30.86	1.98	13.88	885.1
307	230	29.5	101179	12.75	101183	12.94	88010	80	30.68	1.91	17.43	478.25
308	230	29.5	101179	12.65	101177	12.63	88130	80	30.74	1.92	12.23	788.28
309	232	29.4	101182	12.82	101180	12.94	88470	80	30.74	1.8	3.05	390.39
310	233	29.5	101182	13.1	101183	12.56	87887	79	30.75	1.89	17.59	849.49
311	235	29.5	101187	12.92	101175	13.24	88365	80	30.68	2.05	19.22	987.45
312	232	29.5	101180	12.92	101177	13.28	88601	80	30.64	1.79	9.9	457.53
313	233	29.4	101183	12.63	101188	12.11	88268	80	30.77	1.91	7.84	446.78
314	232	29.5	101183	12.95	101185	13.17	87878	79	30.71	2.0	18.77	954.86
315	230	29.5	101181	12.96	101179	13.0	88243	80	30.78	1.98	13.01	628.0
316	234	29.5	101175	12.96	101180	12.73	88538	80	30.63	1.84	19.69	881.15
317	232	29.5	101184	13.19	101173	13.24	88189	80	30.81	1.87	23.08	1034.58
318	232	29.5	101176	13.29	101183	13.18	87851	79	30.72	1.91	11.63	810.44
319	232	29.5	101173	12.95	101172	13.38	88201	80	30.85	1.9	1.85	941.5
320	231	29.5	101178	13.03	101179	12.9	88419	80	30.68	1.8	9.5	854.6
321	232	29.5	101183	11.91	101180	12.49	88252	80	30.68	1.84	2.8	757.39
322	233	29.5	101178	12.76	101178	12.66	87875	79	30.69	2.01	2.94	797.57
323	231	29.5	101177	12.77	101179	13.46	88001	80	30.79	2.0	7.54	631.4
324	232	29.4	101178	13.04	101181	12.98	88284	80	30.63	2.02	17.44	429.65
325	235	29.5	101176	13.05	101178	13.52	88029	80	30.78	2.01	19.27	940.71
326	235	29.5	101177	13.17	101182	13.3	88226	80	30.69	2.04	22.45	561.85
327	237	29.5	101181	13.15	101180	13.02	88069	80	30.72	1.96	10.89	694.76
328	238	29.5	101176	13.06	101178	13.24	88077	80	30.77	1.91	1.14	669.53
329	243	29.5	101185	12.47	101180	12.96	88296	80	30.73	2.0	3.99	609.71
330	236	29.5	101185	12.96	101184	13.06	87599	79	30.65	1.85	6.89	965.94
331	234	29.5	101177	13.46	101181	12.89	88272	80	30.74	1.93	4.88	571.53
332	235	29.5	101178	13.03	101180	13.24	88101	80	30.68	1.8	4.51	495.71
333	234	29.5	101180	12.68	101180	13.08	88050	80	30.7	2.01	14.12	1008.82
334	237	29.5	101176	13.31	101178	13.2	87987	79	30.93	1.97	20.82	545.84
335	237	29.4	101180	12.94	101178	13.03	87994	79	30.78	1.89	14.31	548.13
336	242	29.6	101178	13.19	101177	13.25	88105	80	30.69	1.83	15.24	743.5
337	240	29.5	101177	12.81	101181	12.83	88103	80	30.58	1.88	10.56	495.58
338	237	29.5	101180	12.68	101182	13.22	87728	79	30.86	1.94	19.15	713.35
339	237	29.5	101174	13.28	101179	13.26	87402	79	30.88	1.81	5.32	749.0
340	235	29.5	101178	13.25	101178	13.4	87768	79	30.63	1.85	17.3	950.19
341	235	29.5	101179	13.18	101181	13.52	87887	79	30.72	1.99	8.68	887.4
342	237	29.5	101180	12.58	101178	13.12	87199	79	30.76	2.02	10.66	521.0
343	233	29.5	101183	12.42	101174	13.18	87589	79	30.58	1.87	21.88	742.29
344	236	29.5	101184	12.86	101180	12.79	87692	79	30.69	1.97	21.48	869.05
345	226	29.5	101177	12.5	101179	13.19	87961	79	30.81	1.81	11.96	708.44
346	225	29.5	101184	12.96	101183	13.48	87456	79	30.75	1.82	22.36	619.8
347	225	29.6	101176	13.29	101171	13.6	87616	79	30.64	1.83	12.45	480.71
348	228	29.5	101176	13.28	101183	12.58	87757	79	30.67	1.91	19.17	511.58
349	230	29.5	101174	13.39	101166	13.26	87361	79	30.9	1.93	5.24	682.94
350	225	29.6	101175	13.5	101174	14.07	87315	79	30.58	1.93	1.56	859.09
351	226	29.6	101174	13.6	101174	13.45	87370	79	30.66	1.93	7.75	439.62
352	233	29.5	101181	12.92	101180	12.56	87873	79	30.67	1.97	14.1	600.75
353	223	29.5	101174	13.54	101174	13.89	87430	79	30.85	2.04	15.35	499.77
354	227	29.5	101178	13.39	101176	12.91	87466	79	30.73	1.84	18.9	1000.15
355	225	29.5	101170	13.39	101178	12.68	87471	79	30.82	1.87	16.36	783.9
356	225	29.5	101174	13.38	101168	12.95	87563	79	30.68	1.89	15.08	531.04
357	230	29.6	101170	13.82	101182	12.97	86901	79	30.87	1.94	4.36	417.4
358	229	29.5	101179	13.33	101181	12.9	87186	79	30.77	1.97	13.17	650.44
359	224	29.6	101174	13.07	101174	12.94	87641	79	30.87	1.88	7.9	995.42
360	238	29.7	101179	12.98	101179	13.06	87804	79	30.68	1.88	14.79	672.65
361	233	29.6	101180	13.53	101181	12.85	87226	79	30.59	2.01	2.3	474.9
362	229	29.6	101188	12.58	101180	13.06	87337	79	30.7	1.99	21.25	732.04
363	223	29.5	101177	13.04	101185	13.34	87640	79	30.63	1.86	5.07	655.35
364	222	29.6	101184	12.78	101185	12.36	87551	79	30.69	1.83	16.4	893.31
365	222	29.5	101183	12.55	101191	12.3	87532	79	30.8	1.99	13.31	896.36
366	223	29.6	101185	13.11	101179	12.82	87710	79	30.68	1.96	17.45	626.47
367	225	29.5	101173	12.85	101180	12.27	87735	79	30.75	1.91	2.41	908.63
368	223	29.6	101181	12.26	101189	12.68	88035	80	30.82	1.89	2.53	645.8
369	226	29.6	101188	12.21	101182	12.65	87909	79	30.72	1.85	16.59	503.01
370	225	29.6	101178	12.98	101182	12.9	87548	79	30.72	1.89	17.42	677.21
371	223	29.6	101182	12.66	101181	12.81	88044	80	30.78	1.94	5.4	1001.02
372	222	29.5	101180	12.72	101173	12.85	87879	79	30.8	1.95	14.29	473.99
373	227	29.6	101175	13.45	101184	12.69	87951	79	30.58	1.83	14.14	963.79
374	227	29.6	101183	12.77	101186	12.36	87635	79	30.84	1.87	16.3	859.96
375	225	29.6	101182	12.51	101185	12.7	87255	79	30.73	1.98	19.76	793.75
376	235	29.6	101191	12.15	101184	12.58	87835	79	30.69	2.06	9.77	957.77
377	221	29.5	101186	12.59	101184	12.39	87290	79	30.68	1.96	14.36	626.42
378	234	29.6	101179	13.0	101178	12.93	87231	79	30.83	1.98	5.96	472.32
379	233	29.6	101184	12.72	101181	12.52	87312	79	30.73	2.03	10.37	1052.56
380	228	29.6	101185	13.08	101183	12.52	87162	79	30.82	1.96	6.84	547.28
381	225	29.6	101176	13.1	101179	13.42	87215	79	30.67	2.02	12.07	812.34
382	223	29.5	101179	12.85	101175	12.62	87711	79	30.6	2.05	15.93	805.51
383	223	29.6	101182	13.13	101179	13.03	87822	79	30.85	1.88	10.36	959.69
384	222	29.7	101180	12.74	101178	13.12	87660	79	30.7	2.02	15.75	642.92
385	230	29.6	101179	12.82	101185	12.86	87227	79	30.65	2.02	19.12	487.38
386	223	29.6	101181	12.86	101180	13.48	87906	79	30.61	1.96	1.42	476.41
387	223	29.6	101179	13.05	101179	12.93	87469	79	30.71	1.91	15.45	434.94
388	226	29.6	101180	13.14	101187	12.92	87689	79	30.72	1.99	6.56	400.15
389	225	29.7	101182	12.68	101186	13.17	87289	79	30.84	1.93	19.96	529.48
390	225	29.6	101182	12.9	101182	12.88	87874	79	30.86	1.95	10.95	694.44
391	224	29.7	101179	13.18	101181	13.01	87690	79	30.9	2.02	17.83	930.43
392	223	29.6	101178	12.99	101180	13.13	87510	79	30.81	2.07	18.81	918.79
393	219	29.6	101181	13.1	101176	12.88	87737	79	30.65	1.91	7.61	816.95
394	218	29.6	101181	12.82	101185	12.91	87370	79	30.7	1.97	3.07	751.74
395	221	29.6	101178	12.91	101182	13.11	87202	79	30.9	1.93	6.94	890.46
396	220	29.6	101184	12.77	101176	13.09	87446	79	30.72	1.82	2.27	893.5
397	238	29.6	101185	12.77	101176	13.25	87850	79	30.86	2.01	15.08	1025.33
398	225	29.5	101181	12.9	101175	13.12	87972	79	30.65	2.0	15.35	615.22
399	224	29.5	101182	12.52	101177	13.15	87517	79	30.55	1.84	23.68	710.67
400	229	29.7	101177	12.55	101182	12.88	87635	79	30.72	1.98	17.31	735.49
401	240	29.7	101182	12.78	101187	12.89	87514	79	30.85	1.9	18.04	553.37
402	234	29.7	101178	12.67	101179	12.86	87978	79	30.68	1.93	9.41	401.47
403	236	29.6	101175	13.12	101176	13.27	87103	79	30.69	1.98	15.93	902.7
404	233	29.6	101177	12.94	101181	13.35	87477	79	30.68	1.83	15.7	590.49
405	226	29.7	101178	13.09	101178	12.92	87801	79	30.67	2.03	19.24	409.46
406	227	29.6	101177	12.91	101180	12.85	87854	79	30.62	1.86	15.34	532.44
407	229	29.6	101178	12.36	101180	12.97	87622	79	30.77	1.82	15.53	948.36
408	228	29.7	101181	13.45	101181	12.82	88130	80	30.63	2.06	13.5	942.79
409	226	29.6	101179	13.29	101181	13.08	88247	80	30.75	1.86	9.85	864.02
410	239	29.6	101176	13.2	101175	14.05	88032	80	30.58	1.93	12.96	537.92
411	229	29.6	101172	13.45	101181	13.05	87966	79	30.69	2.01	20.99	805.05
412	230	29.6	101181	13.38	101179	12.9	87877	79	30.68	2.06	6.24	937.96
413	227	29.6	101176	13.5	101183	13.11	88043	80	30.79	2.07	17.11	864.94
414	227	29.7	101183	13.44	101173	12.84	88071	80	30.85	1.89	4.83	836.1
415	228	29.6	101184	13.11	101174	13.34	87783	79	30.72	2.04	8.5	634.29
416	230	29.6	101172	13.57	101177	13.23	87797	79	30.83	1.95	19.29	968.08
417	234	29.7	101178	13.21	101180	12.98	88508	80	30.72	2.07	18.82	532.18
418	231	29.6	101175	13.86	101178	12.92	87759	79	30.77	1.86	23.87	394.95
419	233	29.5	101178	13.86	101178	12.53	87829	79	30.7	1.86	7.8	721.31
420	231	29.6	101180	13.0	101180	12.94	88130	80	30.63	1.89	9.08	486.32
421	230	29.6	101178	12.75	101175	12.79	88204	80	30.78	2.05	21.21	617.37
422	233	29.5	101178	12.62	101182	13.25	87696	79	30.76	1.78	31.06	640.19
423	234	29.6	101178	13.41	101178	13.1	87814	79	30.61	2.05	17.41	474.62
424	239	29.6	101175	13.22	101175	13.27	88099	80	30.68	1.94	18.96	1056.9
425	236	29.6	101179	12.85	101180	12.69	88185	80	30.68	2.05	13.98	1037.11
426	235	29.6	101187	13.0	101174	12.81	88119	80	30.86	2.02	3.77	454.26
427	247	29.6	101173	13.41	101176	13.23	87922	79	30.7	1.96	20.91	928.17
428	254	29.6	101180	12.83	101177	13.6	87752	79	30.67	1.87	11.92	619.66
429	251	29.5	101174	13.92	101174	14.02	88390	80	30.85	2.04	15.98	646.88
430	253	29.7	101175	13.23	101181	12.97	88245	80	30.68	1.83	6.08	1018.12
431	258	29.6	101168	13.44	101170	13.33	87948	79	30.82	2.05	19.5	1018.13
432	253	29.7	101174	13.58	101174	13.48	88417	80	30.68	2.06	14.52	417.46
433	251	29.5	101179	13.52	101176	12.84	88337	80	30.78	2.01	4.0	538.55
434	249	29.5	101178	12.92	101173	13.43	88754	80	30.64	1.96	18.2	1051.8
435	254	29.6	101174	13.44	101169	13.39	88262	80	30.75	1.9	15.78	464.11
436	244	29.6	101175	13.18	101176	12.86	87927	79	30.86	2.03	14.61	810.25
437	243	29.5	101179	12.76	101181	13.12	88230	80	30.68	1.9	21.82	450.34
438	243	29.6	101176	13.81	101175	13.14	88521	80	30.73	2.03	18.61	530.47
439	245	29.6	101179	12.67	101184	12.92	88069	80	30.74	1.92	15.35	826.32
440	240	29.7	101179	13.05	101176	13.2	87854	79	30.58	1.86	7.62	727.31
441	239	29.6	101181	12.9	101181	12.57	87885	79	30.89	2.03	4.24	412.65
442	239	29.6	101176	12.67	101183	12.88	88348	80	30.77	1.95	38.28	1070.22
443	279	29.5	101178	13.38	101179	13.34	87862	79	30.78	1.94	13.58	629.3
444	276	29.6	101179	13.14	101186	13.34	87740	79	30.88	1.97	3.45	1059.43
445	272	29.5	101172	13.25	101179	13.62	88321	80	30.71	2.02	3.5	672.89
446	287	29.6	101177	13.36	101179	12.66	88338	80	30.72	1.79	7.31	666.92
447	237	29.7	101174	13.21	101181	13.22	88138	80	30.81	1.94	15.34	395.83
448	239	29.6	101175	13.98	101180	12.99	88015	80	30.85	2.0	10.56	534.51
449	242	29.6	101176	13.22	101179	13.28	88232	80	30.58	1.94	13.41	873.38
450	240	29.6	101176	12.87	101178	13.37	88461	80	30.59	1.89	10.76	417.53
451	236	29.6	101173	13.09	101175	13.43	88443	80	30.68	1.97	23.67	490.2
452	245	29.6	101180	13.25	101176	13.29	88954	80	30.68	1.9	10.37	941.95
453	239	29.6	101175	13.01	101183	12.83	89276	81	30.75	1.89	19.1	564.12
454	244	29.6	101178	12.7	101182	12.79	89532	81	30.91	1.98	15.08	602.96
455	247	29.7	101180	13.14	101178	13.11	88767	80	30.7	2.02	9.3	883.55
456	244	29.6	101175	12.96	101180	13.01	88797	80	30.78	1.94	17.55	1080.57
457	245	29.6	101181	13.35	101181	13.36	89581	81	30.65	1.87	19.43	439.89
458	250	29.5	101179	12.99	101180	13.31	90292	82	30.73	1.99	14.11	465.33
459	247	29.6	101183	12.93	101177	12.4	90218	82	30.68	1.95	3.56	988.46
460	247	29.7	101176	13.37	101180	12.9	90123	81	30.72	1.88	19.0	504.47
461	244	29.6	101173	13.2	101180	12.92	90348	82	30.74	1.88	18.21	945.67
462	240	29.6	101177	12.84	101178	13.74	90474	82	30.72	2.01	7.52	857.92
463	251	29.6	101174	13.2	101175	13.5	89727	81	30.71	1.97	20.75	444.01
464	242	29.6	101177	12.4	101185	12.49	89379	81	30.89	1.94	3.22	731.19
465	240	29.7	101174	13.08	101175	13.25	89344	81	30.67	1.98	15.15	761.35
466	239	29.6	101183	12.83	101185	12.88	89321	81	30.58	1.91	4.73	853.67
467	239	29.6	101178	13.41	101175	12.94	88807	80	30.69	1.92	10.48	1056.77
468	243	29.6	101167	13.07	101183	13.07	88737	80	30.73	1.87	13.74	899.98
469	238	29.6	101183	12.67	101182	13.08	88997	80	30.76	1.91	12.04	672.1
470	240	29.6	101188	12.94	101182	12.87	88997	80	30.68	2.0	8.56	1048.1
471	244	29.6	101177	13.56	101176	13.03	89281	81	30.68	1.83	5.55	567.42
472	243	29.6	101181	13.31	101180	13.41	88690	80	30.83	1.96	12.31	811.59
473	245	29.6	101177	12.6	101175	13.52	89021	80	30.76	1.8	16.31	1068.55
474	240	29.5	101177	13.24	101175	12.95	88853	80	30.79	1.99	22.75	472.96
475	241	29.6	101176	12.68	101182	12.94	88922	80	30.62	1.86	6.67	393.15
476	249	29.6	101182	12.9	101184	12.52	88756	80	30.77	2.02	6.31	599.28
477	243	29.6	101180	13.41	101179	12.7	88974	80	30.81	1.99	7.91	1031.49
478	242	29.5	101177	13.14	101177	12.88	89013	80	30.75	1.8	10.56	799.55
479	244	29.6	101174	13.21	101172	13.34	89057	80	30.75	2.01	3.7	778.57
480	246	29.5	101175	12.79	101166	12.95	88726	80	30.63	1.98	5.1	812.74
481	246	29.6	101180	12.9	101180	12.88	88977	80	30.81	1.96	19.42	615.95
482	247	29.7	101174	13.43	101176	13.56	88885	80	30.59	1.83	4.45	506.87
483	246	29.7	101178	13.18	101181	13.04	89001	80	30.69	2.01	10.13	404.98
484	242	29.6	101179	13.11	101182	12.89	88212	80	30.79	1.92	6.67	535.22
485	240	29.6	101184	13.06	101178	13.13	88679	80	30.68	1.97	11.7	880.44
486	238	29.7	101181	13.28	101182	12.83	88864	80	30.87	2.0	20.17	1010.59
487	244	29.6	101176	13.23	101173	13.27	89015	80	30.63	1.99	20.84	744.14
488	242	29.5	101174	13.19	101174	13.33	88091	80	30.9	1.89	3.1	405.26
489	244	29.6	101182	13.94	101179	13.13	88205	80	30.79	1.88	12.27	792.43
490	247	29.7	101175	13.16	101165	13.45	88550	80	30.85	1.81	2.97	663.79
491	251	29.6	101181	12.73	101182	13.12	88540	80	30.78	1.96	17.42	627.98
492	238	29.6	101174	13.4	101173	13.28	88255	80	30.58	1.92	12.75	747.97
493	237	29.7	101176	14.0	101176	13.54	88576	80	30.8	1.9	6.7	440.13
494	237	29.6	101175	13.1	101166	13.19	88842	80	30.75	1.83	5.99	831.54
495	239	29.6	101174	13.3	101176	13.01	88913	80	30.81	1.9	14.08	675.76
496	236	29.5	101171	13.58	101173	13.59	88309	80	30.78	1.85	21.5	728.97
497	239	29.6	101179	13.07	101175	13.5	88085	80	30.63	1.81	13.35	789.77
498	241	29.7	101182	13.97	101174	13.07	88790	80	30.73	2.02	2.61	556.78
499	246	29.6	101180	12.84	101185	13.06	88938	80	30.81	1.99	10.24	1056.89
500	239	29.7	101182	13.01	101179	12.86	87966	79	30.65	2.04	20.78	416.07
501	240	29.6	101177	13.27	101175	13.08	88350	80	30.68	1.9	1.97	477.14
502	236	29.7	101187	12.8	101181	13.18	88120	80	30.77	2.0	6.01	1064.1
503	235	29.6	101184	12.52	101176	13.01	88223	80	30.86	1.98	19.02	591.95
504	242	29.6	101172	13.02	101171	12.92	87962	79	30.75	1.97	14.56	834.06
505	239	29.6	101181	13.62	101176	13.18	87888	79	30.82	2.0	2.31	747.17
506	241	29.6	101175	13.31	101175	12.73	88162	80	30.75	1.92	4.93	968.12
507	245	29.6	101178	13.03	101177	13.4	88624	80	30.65	1.96	2.46	831.12
508	243	29.5	101176	13.6	101166	13.95	88420	80	30.74	1.87	14.73	491.85
509	247	29.5	101174	13.56	101173	13.48	88100	80	30.77	2.0	43.88	712.74
510	248	29.6	101178	14.01	101175	13.33	88515	80	30.77	1.9	19.76	704.33
511	253	29.6	101177	13.3	101180	13.04	88601	80	30.63	2.07	33.74	656.01
512	245	29.6	101176	13.26	101180	12.72	88410	80	30.76	1.96	15.43	646.82
513	247	29.6	101179	12.7	101188	13.12	88141	80	30.86	1.99	6.48	1080.6
514	237	29.6	101181	12.79	101177	12.91	88531	80	30.69	1.9	29.85	836.59
515	251	29.6	101182	12.89	101181	13.38	88301	80	30.68	1.72	29.06	508.87
516	256	29.6	101179	12.62	101182	12.83	88689	80	30.81	2.03	17.15	661.29
517	258	29.6	101176	13.56	101174	13.39	88041	80	30.78	1.97	17.37	386.05
518	254	29.6	101173	14.05	101173	13.56	88441	80	30.86	1.85	6.3	509.13
519	254	29.6	101172	13.09	101173	13.46	88461	80	30.87	2.03	12.18	833.53
520	267	29.6	101178	12.93	101180	12.87	87992	79	30.81	1.93	26.37	626.62
521	257	29.6	101177	13.35	101175	13.12	88357	80	30.7	1.97	17.27	1032.82
522	249	29.6	101173	14.13	101176	13.22	88403	80	30.72	1.94	21.22	880.2
523	251	29.6	101178	13.44	101173	13.29	88743	80	30.87	1.98	24.03	828.91
524	251	29.6	101176	13.18	101175	13.03	87924	79	30.68	1.8	3.58	703.87
525	248	29.6	101169	13.56	101176	13.31	87918	79	30.88	2.04	9.2	742.25
526	248	29.7	101168	13.43	101176	14.05	88605	80	30.66	1.88	10.65	948.42
527	249	29.6	101166	14.03	101163	14.48	88211	80	30.81	2.04	9.77	1033.59
528	252	29.5	101174	13.56	101167	13.46	87837	79	30.8	1.82	9.74	1009.68
529	248	29.6	101175	13.51	101172	14.21	88496	80	30.77	2.04	9.37	788.11
530	251	29.6	101176	13.33	101174	13.48	88271	80	30.82	1.88	14.45	610.12
531	249	29.5	101172	13.29	101166	13.6	88944	80	30.68	2.01	14.13	960.32
532	251	29.7	101172	13.25	101172	13.65	88331	80	30.84	1.88	17.68	841.35
533	253	29.6	101174	13.28	101168	13.38	88580	80	30.7	1.84	7.23	547.61
534	250	29.6	101175	13.04	101177	13.4	88638	80	30.58	1.81	13.58	619.14
535	255	29.6	101177	14.06	101176	13.35	89362	81	30.77	2.04	4.52	941.54
536	247	29.6	101177	13.4	101176	13.59	88456	80	30.68	1.94	3.92	637.68
537	250	29.6	101178	13.77	101180	13.32	88865	80	30.82	2.02	13.26	760.29
538	251	29.5	101181	13.45	101183	13.17	89033	80	30.76	1.82	14.29	872.12
539	249	29.6	101174	13.34	101178	14.12	89133	81	30.81	1.92	12.79	1028.54
540	253	29.6	101175	12.88	101176	13.3	88934	80	30.86	1.91	3.97	437.85
541	251	29.6	101181	12.88	101185	12.82	88559	80	30.68	1.85	8.81	715.05
542	251	29.6	101178	13.28	101173	13.55	88782	80	30.66	1.8	10.13	570.14
543	259	29.7	101177	12.92	101181	12.75	89334	81	30.64	2.03	17.5	544.43
544	253	29.5	101173	13.27	101174	13.44	88896	80	30.78	1.94	19.44	776.65
545	258	29.6	101173	13.43	101166	13.68	88936	80	30.8	1.95	6.07	1069.89
546	254	29.7	101178	13.51	101182	13.29	88826	80	30.73	1.9	20.28	725.36
547	253	29.6	101180	13.4	101179	13.35	88883	80	30.68	1.92	6.57	746.67
548	253	29.6	101175	13.07	101174	13.62	88792	80	30.88	1.84	18.24	841.36
549	255	29.6	101177	13.22	101175	13.55	88706	80	30.72	1.93	13.67	768.96
550	259	29.6	101167	13.52	101173	13.49	88973	80	30.66	1.92	7.49	741.36
551	259	29.6	101174	13.46	101167	13.38	89233	81	30.67	1.88	14.04	449.68
552	258	29.6	101173	13.41	101172	13.3	89136	81	30.73	1.97	3.08	824.98
553	266	29.6	101167	13.44	101173	14.02	88835	80	30.86	1.92	5.07	774.73
554	294	29.6	101172	13.53	101174	13.48	88605	80	30.93	1.81	15.87	1010.74
555	265	29.6	101173	13.68	101171	13.56	89129	81	30.66	2.01	16.36	902.97
556	266	29.6	101165	13.66	101173	13.15	89405	81	30.63	2.03	15.14	582.09
557	262	29.5	101172	14.03	101171	13.31	88792	80	30.85	1.82	18.55	422.5
558	258	29.6	101180	13.43	101179	13.5	88645	80	30.75	1.91	4.72	680.7
559	257	29.5	101174	13.32	101179	13.84	89009	80	30.73	1.86	20.75	802.97
560	257	29.6	101173	14.24	101174	13.99	89290	81	30.68	2.04	16.82	767.13
561	260	29.6	101181	12.6	101180	12.97	88881	80	30.94	1.94	15.44	597.62
562	256	29.6	101181	13.21	101170	12.75	88686	80	30.85	1.85	13.87	992.6
563	257	29.6	101181	13.18	101183	12.84	88876	80	30.84	1.88	5.8	1004.9
564	256	29.6	101179	13.53	101179	13.26	89162	81	30.82	1.91	24.14	493.08
565	267	29.6	101175	13.29	101176	13.39	88179	80	30.7	2.03	19.76	985.14
566	258	29.5	101175	13.26	101180	12.41	88736	80	30.66	1.97	8.6	852.26
567	256	29.6	101180	12.98	101182	13.87	88754	80	30.63	2.04	6.7	995.13
568	260	29.6	101173	13.29	101181	12.65	88900	80	30.72	1.97	20.71	779.82
569	258	29.6	101183	13.56	101181	13.13	88452	80	30.58	1.92	16.25	962.35
570	255	29.6	101183	12.64	101180	13.45	88398	80	30.68	1.98	20.58	1032.55
571	257	29.6	101187	12.8	101186	12.64	88641	80	30.85	1.85	15.45	784.75
572	259	29.6	101179	13.02	101183	12.67	88755	80	30.65	1.97	0.81	424.74
573	254	29.6	101179	12.86	101183	12.67	88567	80	30.82	1.98	13.34	719.47
574	254	29.6	101182	13.19	101173	12.89	88438	80	30.8	1.95	4.34	1021.88
575	256	29.6	101183	12.92	101184	12.48	88637	80	30.76	2.01	20.78	823.94
576	258	29.8	101179	13.26	101177	13.09	88664	80	30.85	1.88	7.19	571.18
577	257	29.6	101182	13.34	101178	13.32	88555	80	30.72	1.81	17.42	675.34
578	255	29.6	101175	13.58	101173	14.07	88550	80	30.76	1.88	18.45	698.48
579	261	29.6	101175	13.5	101173	13.4	88709	80	30.71	1.85	18.49	601.6
580	253	29.6	101175	13.42	101170	13.27	88434	80	30.78	1.95	14.41	606.5
581	250	29.6	101174	13.52	101175	13.42	88667	80	30.94	1.93	5.66	1072.95
582	254	29.7	101173	13.45	101168	13.48	88587	80	30.63	1.82	19.14	636.1
583	251	29.7	101172	13.93	101171	13.34	88992	80	30.63	1.91	20.8	917.29
584	250	29.7	101166	14.13	101168	13.39	88684	80	30.73	1.85	11.18	706.43
585	252	29.6	101185	13.09	101174	13.39	88764	80	30.69	1.84	8.0	796.81
586	255	29.6	101166	14.23	101168	13.41	88820	80	30.76	1.92	16.85	849.78
587	256	29.8	101174	13.58	101177	13.98	88738	80	30.72	2.02	8.72	698.84
588	248	29.6	101174	13.5	101160	14.01	88706	80	30.81	1.97	3.86	973.13
589	250	29.6	101178	13.3	101174	12.93	88299	80	30.77	2.05	19.86	704.13
590	250	29.7	101172	13.54	101176	14.43	88554	80	30.73	1.84	8.25	605.34
591	249	29.5	101164	13.49	101174	14.04	88592	80	30.65	1.84	18.19	530.67
592	248	29.7	101174	13.25	101169	13.23	88859	80	30.72	1.91	19.86	409.72
593	244	29.7	101172	14.02	101172	13.53	88238	80	30.77	2.0	12.41	505.84
594	241	29.6	101180	13.51	101165	13.3	88754	80	30.86	1.88	13.96	828.84
595	241	29.6	101176	13.25	101172	13.54	88835	80	30.77	2.04	10.8	438.28
596	241	29.6	101173	13.35	101176	13.93	88926	80	30.58	2.02	7.98	1020.17
597	245	29.6	101179	13.26	101176	13.36	88665	80	30.72	1.93	4.83	749.23
598	244	29.7	101179	13.11	101184	12.9	88945	80	30.82	1.94	13.81	619.45
599	243	29.5	101176	12.95	101175	13.57	88798	80	30.82	2.05	18.98	601.49
600	256	29.7	101175	13.76	101175	13.78	89225	81	30.76	2.03	5.24	992.67
601	251	29.6	101174	13.48	101175	13.84	88777	80	30.86	1.99	8.98	796.77
602	241	29.6	101175	13.37	101170	13.7	88614	80	30.68	1.89	3.37	425.93
603	241	29.6	101175	13.31	101181	12.9	88682	80	30.85	1.94	12.31	395.67
604	239	29.7	101175	13.04	101170	13.67	88978	80	30.77	1.94	21.25	827.01
605	236	29.6	101172	13.5	101173	13.53	88780	80	30.75	1.97	9.61	545.4
606	239	29.6	101174	13.12	101182	12.55	88225	80	30.63	1.85	35.79	873.93
607	237	29.6	101176	12.77	101180	12.99	88702	80	30.65	2.1	93.92	972.51
608	251	29.7	101179	13.51	101176	13.64	88830	80	30.68	1.78	34.44	437.24
609	253	29.8	101173	13.28	101176	13.58	89000	80	30.72	1.85	11.54	893.83
610	247	29.5	101174	13.52	101173	13.56	88550	80	30.71	1.99	14.91	873.34
611	235	29.6	101179	13.27	101176	13.36	88384	80	30.68	1.91	11.51	802.99
612	234	29.6	101174	13.62	101172	13.96	88391	80	30.89	1.88	16.1	804.94
613	229	29.6	101165	13.37	101172	13.48	88874	80	30.63	1.98	23.01	1008.58
614	226	29.7	101180	13.38	101177	13.2	88198	80	30.81	1.97	3.19	1033.19
615	227	29.6	101178	13.57	101178	13.25	88352	80	30.92	2.0	6.99	948.81
616	225	29.7	101174	13.52	101175	12.97	88619	80	30.79	1.93	6.11	571.97
617	229	29.7	101176	13.38	101170	13.42	88646	80	30.73	1.85	12.62	537.31
618	228	29.6	101167	13.35	101173	13.27	88543	80	30.72	1.84	2.22	812.52
619	228	29.5	101167	13.19	101173	13.66	88230	80	30.71	1.9	14.42	503.74
620	232	29.7	101173	13.56	101173	13.53	88828	80	30.94	1.91	8.85	428.63
621	233	29.5	101176	13.29	101177	13.52	88739	80	30.86	1.79	16.59	951.17
622	233	29.5	101171	12.75	101186	13.23	88604	80	30.74	1.86	19.01	698.71
623	229	29.8	101179	12.81	101182	13.31	88917	80	30.72	1.79	8.66	425.68
624	228	29.7	101177	13.0	101178	13.26	89389	81	30.83	1.86	16.9	980.71
625	229	29.5	101174	12.92	101174	13.44	88865	80	30.79	1.78	11.14	1076.85
626	230	29.8	101180	13.28	101177	13.36	88694	80	30.8	1.85	19.19	569.06
627	233	29.6	101177	13.36	101176	13.59	88994	80	30.68	2.01	18.52	467.22
628	241	29.7	101179	13.38	101164	13.43	88956	80	30.68	1.83	18.52	1069.23
629	242	29.7	101179	13.49	101174	13.06	88642	80	30.84	1.93	3.3	611.27
630	239	29.6	101175	12.76	101179	13.09	88747	80	30.83	1.99	7.93	852.98
631	237	29.6	101176	13.14	101174	13.51	89099	80	30.86	1.98	2.05	1066.71
632	227	29.6	101183	12.92	101182	12.89	88657	80	30.94	1.87	6.25	558.11
633	226	29.6	101175	13.35	101178	12.69	88339	80	30.84	1.95	4.12	940.82
634	227	29.7	101182	13.05	101179	13.12	89044	80	30.93	1.91	5.32	691.11
635	228	29.5	101174	13.35	101174	12.97	88829	80	30.82	1.95	23.66	507.35
636	231	29.6	101173	14.1	101177	13.36	89087	80	30.86	1.86	21.78	468.24
637	231	29.5	101173	13.57	101173	13.09	88302	80	30.8	2.03	18.61	881.82
638	225	29.6	101173	13.4	101176	13.16	88654	80	30.59	1.87	12.52	387.34
639	228	29.6	101179	13.19	101181	13.23	88556	80	30.79	1.9	4.76	666.74
640	225	29.6	101181	13.0	101177	13.36	88883	80	30.72	1.79	3.94	742.02
641	226	29.6	101182	12.78	101174	13.48	88773	80	30.69	1.91	12.66	574.72
642	227	29.5	101176	12.67	101179	13.08	88740	80	30.68	2.0	14.56	845.98
643	225	29.6	101180	13.2	101172	13.14	89120	81	30.69	1.77	6.66	1051.5
644	226	29.7	101175	13.5	101178	13.19	88891	80	30.77	2.04	9.6	808.0
645	225	29.5	101177	13.52	101178	13.6	88827	80	30.92	1.95	2.03	793.43
646	225	29.6	101179	12.61	101181	13.18	88981	80	30.75	1.81	13.67	419.19
647	227	29.5	101176	13.02	101179	14.15	89118	81	30.79	1.91	8.79	670.53
648	227	29.6	101180	13.39	101175	13.52	89337	81	30.86	1.79	16.68	543.1
649	227	29.6	101177	13.49	101175	13.44	88982	80	30.76	2.03	18.97	785.43
650	225	29.6	101181	13.1	101179	13.13	88654	80	30.92	1.9	10.2	1031.11
651	234	29.7	101174	13.18	101174	13.2	89017	80	30.78	1.77	17.11	502.39
652	225	29.6	101176	13.53	101178	13.13	89208	81	30.75	2.01	11.06	881.98
653	224	29.6	101172	13.21	101177	13.5	88885	80	30.72	1.92	18.72	1040.27
654	224	29.7	101174	13.21	101179	13.03	89147	81	30.72	1.83	14.13	767.15
655	225	29.6	101179	13.36	101176	13.08	89061	80	30.71	1.95	4.89	836.16
656	224	29.6	101167	13.31	101175	13.2	89280	81	30.86	1.94	24.11	713.11
657	225	29.7	101176	13.46	101172	13.33	89146	81	30.58	1.91	14.71	575.3
658	224	29.7	101178	12.85	101177	13.28	89109	81	30.67	1.82	5.97	1094.76
659	227	29.7	101178	13.3	101164	13.47	89418	81	30.74	1.84	6.83	931.08
660	227	29.7	101176	13.24	101174	13.17	89220	81	30.8	1.96	16.91	647.41
661	225	29.7	101172	13.62	101175	13.55	89439	81	30.77	1.89	1.87	855.8
662	225	29.7	101179	13.34	101176	13.04	89145	81	30.89	1.91	16.97	1050.06
663	225	29.7	101175	13.5	101177	13.04	89016	80	30.68	1.89	6.61	725.39
664	227	29.6	101173	13.6	101175	13.42	89064	80	30.88	1.8	3.14	874.49
665	225	29.7	101181	13.12	101179	13.32	88470	80	30.72	1.97	6.28	944.0
666	225	29.6	101168	13.56	101169	14.14	88973	80	30.74	1.83	19.15	519.27
667	226	29.7	101168	13.84	101179	13.17	89152	81	30.66	1.87	19.2	651.63
668	226	29.6	101173	14.12	101176	13.34	88975	80	30.68	1.98	18.5	399.9
669	225	29.6	101171	14.21	101176	13.5	88306	80	30.91	1.97	15.83	680.1
670	227	29.8	101175	12.89	101173	13.95	88659	80	30.85	1.92	13.17	467.26
671	228	29.8	101169	13.99	101167	13.51	88785	80	30.86	2.02	7.8	1043.5
672	226	29.7	101181	13.42	101181	12.86	88763	80	30.85	1.81	21.13	423.66
673	227	29.7	101172	13.91	101174	13.91	88508	80	30.63	1.87	14.24	896.25
674	229	29.7	101170	13.78	101173	13.39	88651	80	30.81	2.01	12.83	684.49
675	230	29.7	101176	13.53	101178	13.22	89018	80	30.92	1.83	2.89	947.81
676	227	29.7	101176	13.87	101177	13.94	89112	81	30.85	1.92	8.82	819.1
677	224	29.7	101167	14.28	101165	14.33	88740	80	30.75	1.85	17.92	919.52
678	225	29.7	101173	13.6	101182	12.9	88533	80	30.63	1.96	18.16	519.42
679	224	29.6	101178	13.35	101169	13.55	88805	80	30.68	1.96	19.04	774.9
680	224	29.7	101173	13.36	101170	14.29	88974	80	30.83	1.97	14.4	1085.16
681	226	29.7	101174	13.21	101164	13.56	88863	80	30.81	1.91	15.68	730.3
682	231	29.7	101167	13.4	101179	13.36	88444	80	30.87	1.81	14.74	782.43
683	228	29.7	101178	12.86	101178	13.7	88794	80	30.72	2.01	3.48	402.72
684	225	29.7	101165	13.21	101172	13.34	88493	80	30.9	1.82	20.65	771.74
685	225	29.7	101174	13.95	101171	13.42	88517	80	30.92	1.94	11.46	428.06
686	227	29.7	101173	13.85	101167	13.22	88820	80	30.68	1.82	12.72	954.31
687	228	29.7	101176	12.98	101175	13.62	88672	80	30.74	1.96	7.56	412.64
688	226	29.6	101175	14.13	101169	13.45	88499	80	30.93	1.87	11.51	887.89
689	224	29.8	101175	13.52	101171	13.55	88499	80	30.77	1.87	22.69	826.38
690	225	29.7	101163	14.27	101177	13.99	88653	80	30.77	1.93	19.42	779.38
691	226	29.6	101172	12.76	101176	13.42	88672	80	30.72	1.89	6.96	488.77
692	226	29.7	101183	12.79	101174	13.44	89098	80	30.81	1.98	5.9	986.68
693	226	29.7	101184	12.89	101184	12.94	88135	80	30.85	1.98	15.27	991.96
694	225	29.7	101180	13.04	101179	13.3	88832	80	30.68	1.85	10.54	649.02
695	227	29.7	101179	13.97	101176	13.19	88681	80	30.91	1.78	19.28	733.12
696	227	29.7	101179	13.24	101170	12.93	88983	80	30.86	2.01	15.9	796.44
697	227	29.8	101175	12.62	101179	13.05	88174	80	30.71	2.01	4.92	701.75
698	223	29.7	101182	12.45	101184	12.83	88208	80	30.95	1.81	13.61	893.87
699	226	29.6	101176	13.49	101175	13.0	88626	80	30.9	1.9	19.94	624.93
700	225	29.7	101174	13.28	101178	13.44	88309	80	30.77	1.93	9.49	866.27
701	223	29.8	101182	13.27	101186	12.36	88175	80	30.86	1.77	1.44	1065.39
702	223	29.7	101186	12.87	101181	12.98	88107	80	30.66	1.98	6.15	492.5
703	225	29.7	101183	13.32	101182	13.42	88010	80	30.78	1.86	11.31	665.72
704	233	29.7	101178	12.58	101179	13.73	88659	80	30.81	1.83	16.67	466.87
705	228	29.7	101178	13.02	101176	13.31	88160	80	30.72	1.83	15.71	707.13
706	224	29.7	101175	13.16	101177	12.91	88224	80	30.81	1.91	2.66	814.27
707	224	29.7	101179	12.92	101175	12.78	88474	80	30.69	1.99	3.48	807.47
708	226	29.8	101175	12.9	101179	13.19	88432	80	30.85	1.85	3.5	810.81
709	224	29.7	101175	14.05	101175	13.29	88682	80	30.68	1.99	4.71	706.81
710	224	29.6	101172	13.33	101177	13.63	87858	79	30.87	1.97	7.15	444.22
711	226	29.7	101175	13.17	101178	13.31	88139	80	30.75	1.79	11.55	786.29
712	224	29.7	101179	13.14	101178	12.93	88195	80	30.88	1.89	6.83	924.55
713	227	29.7	101172	14.03	101173	13.03	88346	80	30.77	1.97	15.8	1070.67
714	226	29.7	101166	13.65	101178	13.13	88099	80	30.95	1.85	3.4	537.84
715	226	29.7	101180	13.53	101173	13.55	88604	80	30.87	1.94	15.76	639.94
716	229	29.7	101176	13.53	101178	13.72	88315	80	30.79	1.98	20.66	1053.92
717	227	29.7	101178	13.25	101177	12.95	88433	80	30.92	1.82	4.94	1062.19
718	225	29.7	101173	13.27	101175	13.63	88487	80	30.74	1.78	11.69	926.09
719	228	29.8	101173	12.97	101177	13.25	88130	80	30.9	1.87	13.62	479.5
720	227	29.8	101176	13.27	101179	13.07	88402	80	30.68	1.86	2.77	880.57
721	227	29.7	101177	13.17	101180	13.42	88514	80	30.83	1.88	20.22	1015.68
722	227	29.6	101186	12.77	101182	12.79	88381	80	30.91	1.94	15.24	916.79
723	227	29.7	101184	12.78	101180	12.52	87704	79	30.93	1.93	6.47	642.02
724	226	29.7	101181	12.99	101180	12.8	88170	80	30.68	1.95	13.14	981.98
725	225	29.7	101173	13.18	101175	12.85	88548	80	30.72	1.85	14.97	497.04
726	225	29.7	101180	13.57	101172	13.16	88591	80	30.92	1.86	10.75	423.29
727	228	29.7	101176	12.97	101181	13.34	88073	80	30.84	1.98	15.71	587.21
728	229	29.6	101184	13.22	101181	13.35	88005	80	30.78	1.9	2.97	567.27
729	224	29.7	101176	13.31	101182	13.07	88223	80	30.84	1.93	13.25	618.42
730	225	29.7	101174	13.33	101176	13.48	88670	80	30.71	1.8	14.24	512.64
731	226	29.7	101177	13.29	101181	12.75	87886	79	30.59	2.02	19.46	681.94
732	225	29.8	101185	12.92	101182	12.56	88424	80	30.76	1.99	13.26	927.9
733	230	29.8	101178	12.76	101180	13.12	88426	80	30.87	1.96	9.33	695.05
734	225	29.7	101183	12.76	101181	12.56	88772	80	30.78	1.84	19.32	793.8
735	226	29.8	101173	13.53	101176	13.27	88086	80	30.68	1.92	8.86	513.85
736	227	29.7	101183	12.86	101179	12.65	88316	80	30.83	1.8	5.66	415.01
737	225	29.7	101168	13.08	101179	13.04	88647	80	30.71	1.88	4.5	956.1
738	226	29.7	101183	13.4	101174	13.47	88263	80	30.7	2.02	13.21	743.18
739	225	29.8	101181	13.03	101180	13.51	87944	79	30.9	2.01	10.61	935.52
740	228	29.7	101180	13.58	101179	13.37	88294	80	30.8	1.94	2.68	958.52
741	226	29.7	101181	12.92	101177	13.24	88535	80	30.71	1.94	6.53	718.53
742	227	29.6	101182	12.84	101182	13.42	88267	80	30.78	1.83	19.73	623.89
743	232	29.7	101179	13.04	101181	12.81	87792	79	30.82	2.02	10.19	983.06
744	229	29.8	101178	12.84	101179	13.23	87809	79	30.74	1.88	17.87	907.03
745	228	29.7	101173	12.83	101179	12.94	88433	80	30.68	1.96	5.37	608.06
746	227	29.8	101180	13.35	101174	13.18	88146	80	30.84	1.9	9.5	724.4
747	225	29.6	101182	12.95	101183	13.04	87822	79	30.74	1.92	12.28	553.5
748	227	29.7	101178	13.37	101180	13.09	88211	80	30.91	1.92	4.84	496.56
749	226	29.7	101177	13.02	101176	13.28	88433	80	30.68	2.02	22.43	755.83
750	228	29.8	101178	13.53	101176	13.21	88593	80	30.89	1.88	17.6	547.9
751	229	29.7	101174	13.44	101178	12.92	87944	79	30.76	2.03	20.74	509.0
752	232	29.7	101172	13.41	101177	12.71	88043	80	30.76	1.84	15.67	1031.04
753	226	29.7	101175	13.19	101175	13.3	88325	80	30.8	1.9	3.35	827.11
754	229	29.6	101166	13.02	101170	14.0	88533	80	30.74	1.86	3.82	540.03
755	226	29.7	101182	13.11	101180	12.86	88086	80	30.95	1.94	15.49	967.34
756	226	29.7	101178	13.06	101178	13.0	88165	80	30.77	1.93	15.42	420.48
757	228	29.7	101176	13.18	101176	13.37	88066	80	30.72	1.86	13.55	1069.49
758	226	29.7	101167	13.27	101171	13.22	88442	80	30.86	1.86	8.31	850.51
759	228	29.7	101175	13.22	101182	12.93	88031	80	30.88	1.9	14.4	666.74
760	230	29.7	101177	13.07	101179	13.27	87812	79	30.92	1.93	19.35	1096.67
761	228	29.6	101175	13.21	101174	13.1	88010	80	30.76	1.98	10.18	1052.73
762	226	29.7	101178	13.4	101177	13.3	88142	80	30.68	1.98	14.46	994.0
763	228	29.7	101180	13.11	101178	12.88	87790	79	30.68	1.97	15.59	922.25
764	227	29.8	101178	13.29	101174	13.04	87697	79	30.8	1.85	5.98	621.1
765	227	29.8	101182	13.1	101175	13.04	87966	79	30.88	1.93	10.98	847.22
766	227	29.6	101175	13.27	101177	13.37	88272	80	30.72	1.85	18.47	899.54
767	232	29.7	101179	13.28	101177	13.13	87929	79	30.77	1.81	13.74	505.57
768	230	29.7	101183	12.45	101182	13.1	88222	80	30.93	1.85	4.25	644.53
769	232	29.7	101179	12.57	101183	13.08	88345	80	30.87	1.88	10.76	580.68
770	228	29.7	101178	12.73	101180	13.39	88194	80	30.75	2.01	6.05	607.98
771	228	29.7	101179	13.38	101176	12.88	87802	79	30.72	1.81	21.39	976.19
772	230	29.7	101181	12.76	101177	13.02	88286	80	30.91	1.96	8.31	834.04
773	230	29.8	101174	12.62	101181	12.82	88342	80	30.94	1.87	17.69	734.15
774	231	29.7	101185	12.7	101184	12.77	88209	80	30.95	1.9	6.7	1107.35
775	234	29.8	101181	12.99	101180	13.37	87531	79	30.78	1.84	6.07	742.52
776	228	29.7	101181	12.85	101177	13.46	88213	80	30.79	1.87	5.01	934.68
777	229	29.7	101175	12.89	101174	13.44	87902	79	30.72	1.81	19.51	796.66
778	229	29.7	101179	13.3	101178	13.34	88513	80	30.86	1.98	11.84	525.78
779	231	29.6	101178	13.09	101180	13.22	87636	79	30.9	1.91	19.3	670.24
780	229	29.8	101180	12.97	101182	13.11	87809	79	30.74	1.85	11.54	1058.44
781	229	29.8	101180	12.71	101182	13.04	88017	80	30.96	1.96	11.25	552.61
782	232	29.6	101183	13.48	101179	12.94	88065	80	30.86	1.82	12.04	659.37
783	230	29.7	101178	13.26	101179	13.06	87740	79	30.63	1.9	6.59	626.42
784	230	29.7	101179	12.72	101176	13.21	87936	79	30.63	2.03	5.36	746.04
785	230	29.7	101180	13.07	101173	13.12	88230	80	30.82	1.86	19.61	988.24
786	230	29.7	101179	12.82	101178	13.42	87879	79	30.88	1.99	2.37	469.2
787	234	29.7	101181	12.88	101179	12.78	87600	79	30.85	2.01	20.35	483.19
788	230	29.7	101180	12.72	101184	12.5	88358	80	31.01	1.95	22.54	710.45
789	233	29.7	101178	12.75	101175	12.62	88484	80	30.86	1.91	17.39	1005.56
790	242	29.7	101177	13.32	101183	12.79	88394	80	30.94	1.97	15.9	751.61
791	239	29.7	101184	12.95	101175	13.15	88035	80	30.71	2.04	3.73	1101.75
792	256	29.7	101183	13.07	101178	13.08	88142	80	30.87	1.85	6.45	828.87
793	248	29.7	101179	13.32	101179	13.06	88220	80	30.8	1.87	10.17	614.89
794	239	29.7	101181	13.23	101181	13.28	88496	80	30.88	1.94	18.54	846.88
795	239	29.7	101173	13.12	101170	13.5	87856	79	30.93	1.92	6.6	424.3
796	234	29.7	101174	13.43	101177	13.02	88414	80	30.72	1.8	13.25	1088.27
797	235	29.7	101180	13.45	101177	13.13	88497	80	30.9	1.89	9.46	745.35
798	242	29.7	101180	12.81	101179	13.14	88456	80	30.89	1.92	18.13	533.53
799	239	29.7	101183	13.02	101180	12.94	88115	80	30.73	2.01	16.22	753.67
800	240	29.7	101176	13.51	101180	13.08	88474	80	30.84	1.92	3.96	506.48
801	234	29.7	101174	13.83	101175	13.08	88551	80	30.68	1.8	4.18	796.59
802	238	29.7	101169	12.59	101183	13.17	88073	80	30.87	1.78	4.49	544.74
803	238	29.7	101173	13.52	101175	13.91	87911	79	30.8	1.87	8.78	598.6
804	236	29.7	101173	13.06	101171	13.48	88348	80	30.74	1.94	18.5	503.61
805	238	29.8	101181	13.22	101175	13.27	88430	80	30.84	1.84	19.22	907.82
806	234	29.7	101180	13.38	101179	12.82	88065	80	30.84	1.85	16.83	1005.81
807	235	29.8	101176	13.43	101178	13.23	88215	80	30.8	1.88	19.55	797.8
808	237	29.8	101173	13.99	101167	14.23	88065	80	30.78	1.83	3.52	884.14
809	234	29.8	101179	12.86	101173	13.11	88172	80	30.77	1.86	15.07	538.64
810	234	29.9	101180	13.38	101178	12.89	88007	80	30.87	1.86	10.4	493.81
811	229	29.8	101185	12.57	101178	12.92	88570	80	30.95	1.8	14.14	842.38
812	233	29.7	101177	12.4	101181	13.04	87804	79	30.85	1.79	24.0	981.8
813	233	29.8	101183	13.14	101186	12.71	87840	79	30.82	1.96	19.31	992.55
814	230	29.8	101182	12.5	101182	13.16	87536	79	30.98	1.9	12.25	845.55
815	232	29.7	101176	13.55	101174	12.95	87463	79	30.75	1.97	17.08	685.66
816	231	29.7	101177	13.11	101177	13.6	87509	79	30.76	1.85	8.02	865.45
817	233	29.7	101182	12.79	101183	12.95	87580	79	30.68	1.92	3.35	688.69
818	233	29.7	101175	13.23	101179	12.72	87562	79	30.86	1.9	5.91	739.44
819	231	29.8	101172	13.24	101178	13.54	87488	79	30.85	1.93	16.15	849.07
820	232	29.7	101166	14.0	101175	13.73	87438	79	30.91	1.88	15.55	549.31
821	232	29.8	101180	12.76	101177	12.83	88089	80	30.81	1.83	18.12	430.64
822	229	29.8	101180	13.37	101177	12.86	88258	80	30.72	1.97	18.34	809.96
823	228	29.8	101175	12.7	101180	13.03	87611	79	30.94	1.86	7.98	770.11
824	229	29.7	101172	13.34	101180	13.03	88375	80	30.79	1.87	4.09	982.21
825	230	29.9	101180	12.83	101180	12.85	88428	80	30.83	1.94	4.98	1001.73
826	231	29.7	101186	12.67	101185	12.56	88131	80	30.8	1.83	9.68	740.95
827	228	29.8	101182	12.38	101184	12.62	88433	80	30.89	2.03	12.94	447.94
828	228	29.8	101177	12.45	101184	12.76	88125	80	30.77	2.04	20.18	755.6
829	233	29.8	101184	12.94	101181	12.66	88952	80	30.72	1.97	15.68	989.5
830	229	29.7	101184	12.95	101186	12.9	88412	80	30.9	1.94	14.49	791.9
831	228	29.7	101185	12.88	101183	13.28	88771	80	30.78	1.87	17.15	825.14
832	228	29.8	101184	12.62	101181	13.01	88687	80	30.68	1.97	17.66	658.75
833	233	29.9	101181	12.87	101183	12.94	88416	80	30.77	1.94	16.18	560.08
834	227	29.8	101175	13.3	101166	13.45	88256	80	30.82	1.98	13.88	802.23
835	226	29.8	101180	13.04	101176	13.24	88357	80	30.9	1.82	5.61	465.97
836	229	29.8	101176	13.04	101178	14.18	88458	80	30.81	1.86	7.9	1053.21
837	227	29.7	101173	13.92	101175	13.54	88164	80	30.8	1.86	10.04	710.5
838	227	29.8	101179	13.17	101175	13.44	88514	80	30.77	1.96	18.86	980.32
839	228	29.8	101179	13.36	101179	13.11	88387	80	30.68	1.94	8.44	1102.55
840	226	29.8	101178	13.55	101172	13.36	88773	80	30.79	1.91	14.22	926.24
841	232	29.7	101177	13.25	101177	12.89	88052	80	30.72	1.99	13.54	765.13
842	224	29.7	101185	13.03	101174	13.56	87938	79	30.86	1.81	21.76	938.75
843	225	29.8	101174	13.88	101171	13.33	88003	80	30.78	1.88	15.51	994.96
844	231	29.7	101175	14.02	101173	13.51	87763	79	30.83	1.94	7.56	1076.83
845	227	29.8	101173	14.03	101172	13.62	87784	79	30.8	1.83	12.75	659.42
846	226	29.8	101165	13.57	101164	14.17	87830	79	30.85	1.96	17.97	876.39
847	226	29.8	101166	13.29	101171	13.71	87878	79	30.72	1.92	17.51	851.87
848	226	29.8	101168	13.96	101171	13.37	88089	80	30.78	1.84	10.62	1108.0
849	227	29.8	101167	13.56	101179	13.34	87891	79	30.91	1.96	13.5	685.67
850	226	29.7	101172	13.68	101178	13.32	88083	80	30.7	1.99	19.41	685.75
851	226	29.8	101174	13.89	101167	13.6	88312	80	30.81	2.02	10.91	533.02
852	227	29.7	101182	13.29	101179	13.88	88032	80	30.8	1.82	5.51	649.14
853	227	29.8	101174	13.97	101172	13.66	87637	79	30.72	1.99	19.07	856.56
854	225	29.8	101166	13.98	101169	13.97	88103	80	30.68	1.94	8.24	1027.29
855	224	29.8	101178	13.31	101177	13.51	88385	80	30.68	1.83	17.63	527.43
856	226	29.8	101173	13.42	101172	14.29	88387	80	30.75	1.83	5.43	910.51
857	230	29.8	101178	13.13	101171	13.76	88448	80	30.68	1.88	16.24	591.47
858	225	29.8	101160	13.93	101173	13.4	88652	80	30.9	1.85	6.27	667.22
859	224	29.8	101178	13.52	101170	13.25	88544	80	30.72	1.94	10.0	985.79
860	224	29.8	101168	14.09	101174	13.46	88052	80	30.92	1.89	7.67	705.61
861	224	29.8	101176	13.04	101169	13.35	88411	80	30.7	1.95	13.2	1007.62
862	226	29.8	101174	13.87	101178	14.01	88574	80	30.77	2.0	9.04	923.76
863	225	29.8	101174	14.13	101173	13.75	88644	80	30.65	1.92	10.31	645.08
864	227	29.8	101176	13.33	101180	13.58	88109	80	30.75	1.85	16.69	639.93
865	224	29.9	101175	13.24	101176	13.22	88414	80	30.96	1.87	3.98	894.96
866	231	29.7	101172	13.94	101177	13.52	88588	80	30.96	1.95	19.76	998.7
867	228	29.8	101175	13.38	101168	13.45	88833	80	30.94	1.87	22.0	659.19
868	224	29.8	101167	14.03	101172	14.27	87998	79	30.76	1.89	10.43	473.18
869	227	29.7	101165	14.23	101173	13.5	88022	80	30.86	1.92	7.34	866.41
870	225	29.8	101173	14.09	101171	13.75	87861	79	30.72	2.01	14.87	590.69
871	225	29.9	101174	13.97	101170	14.03	88067	80	30.72	1.97	4.25	907.78
872	227	29.8	101168	14.04	101167	14.05	87354	79	30.95	1.87	11.43	645.91
873	226	29.8	101172	13.6	101173	13.67	88042	80	30.9	1.92	16.0	1017.06
874	226	29.7	101169	13.86	101174	13.36	88114	80	30.87	1.91	3.1	577.13
875	226	29.8	101173	13.54	101180	13.29	88215	80	30.84	1.9	13.86	953.32
876	228	29.8	101179	13.14	101181	13.24	87822	79	30.72	2.01	23.45	853.72
877	228	29.8	101178	13.08	101174	13.39	88250	80	30.78	2.05	3.51	1035.69
878	227	29.8	101175	13.37	101176	14.01	88307	80	30.99	2.04	21.13	942.77
879	228	29.9	101164	14.06	101174	13.29	88254	80	30.63	1.83	4.09	514.95
880	227	29.8	101177	13.25	101169	14.02	87819	79	30.82	1.84	16.98	979.07
881	230	29.8	101169	13.91	101169	13.31	87887	79	30.82	1.87	21.4	765.63
882	229	29.8	101173	14.03	101168	14.16	88381	80	30.91	1.88	17.2	748.94
883	229	29.8	101167	13.47	101174	13.31	88111	80	30.77	1.81	20.92	470.22
884	226	29.8	101175	13.34	101177	12.74	87702	79	30.68	2.0	11.68	986.37
885	226	29.8	101178	13.36	101178	12.84	87710	79	30.86	2.03	5.71	887.21
886	227	29.8	101178	12.84	101182	13.38	88039	80	30.72	1.91	17.71	1044.42
887	227	29.8	101174	13.46	101181	13.45	88100	80	30.68	2.0	17.21	976.62
888	228	29.8	101174	13.38	101178	13.22	87640	79	30.86	1.86	3.71	1092.59
889	229	29.8	101172	13.67	101171	13.54	88118	80	30.84	1.92	22.3	794.49
890	229	29.8	101174	13.49	101165	14.18	87741	79	30.96	1.94	12.85	912.96
891	227	29.8	101175	13.38	101175	13.52	87564	79	30.77	1.83	3.74	709.82
892	227	29.8	101178	13.11	101177	13.09	87594	79	30.81	1.95	10.85	937.81
893	230	29.8	101177	13.82	101169	13.41	87492	79	30.77	1.83	13.2	1118.86
894	231	29.8	101175	13.21	101180	12.65	87817	79	30.88	2.03	11.81	563.11
895	228	29.8	101163	13.69	101177	13.42	87182	79	30.68	1.91	18.56	807.35
896	228	29.9	101176	13.01	101176	13.23	87752	79	30.68	1.82	17.89	686.36
897	228	29.8	101172	13.28	101178	13.15	87674	79	30.87	2.04	14.0	705.47
898	230	29.8	101173	13.24	101174	13.48	87763	79	30.86	1.99	10.8	780.63
899	228	29.8	101172	13.59	101180	13.59	86665	78	30.8	1.91	8.02	581.92
900	228	29.9	101174	13.45	101175	12.62	87461	79	30.82	2.03	12.97	996.77
901	230	29.8	101182	13.57	101179	12.99	87238	79	30.72	1.96	7.54	897.96
902	228	29.8	101169	13.17	101174	14.01	87082	79	30.91	1.84	11.11	1104.07
903	230	29.8	101179	13.81	101180	13.5	86658	78	30.7	1.9	8.38	982.56
904	229	29.7	101172	14.23	101171	13.53	87306	79	30.81	1.95	18.34	946.37
905	230	29.9	101168	14.06	101164	14.03	87090	79	30.98	1.91	13.7	831.61
906	228	29.8	101176	13.42	101167	13.39	86708	78	31.0	1.95	15.43	638.71
907	231	29.9	101175	13.07	101176	13.41	86697	78	30.72	1.92	16.0	491.51
908	239	29.8	101172	13.96	101173	12.91	86653	78	30.88	2.03	2.62	1014.38
909	234	29.7	101174	13.37	101173	13.19	86999	79	30.82	1.82	4.59	560.81
910	233	29.7	101178	12.75	101173	13.97	86743	78	30.72	1.83	14.25	610.68
911	232	29.8	101167	13.46	101167	13.08	86246	78	30.77	1.95	17.21	665.02
912	234	29.8	101172	14.27	101175	13.41	86795	78	30.93	1.94	20.71	1023.66
913	234	29.8	101173	13.27	101173	12.86	87053	79	30.9	2.01	5.78	1076.94
914	234	29.8	101175	13.64	101167	13.56	86861	78	30.87	1.91	16.63	455.86
915	233	29.8	101178	13.39	101172	13.63	87008	79	30.72	2.04	15.1	1040.05
916	235	29.8	101174	13.54	101168	13.45	87161	79	30.77	1.98	13.43	623.02
917	232	29.8	101178	13.23	101161	13.65	87335	79	30.82	1.83	12.54	463.99
918	239	29.7	101178	13.25	101180	13.41	87243	79	30.83	2.01	17.41	508.96
919	232	29.8	101177	13.3	101176	12.99	86805	78	30.9	1.9	10.06	843.97
920	232	29.8	101174	13.54	101173	13.18	87161	79	30.96	1.84	9.7	735.13
921	231	29.8	101174	12.95	101181	13.38	87059	79	30.91	1.92	18.47	596.22
922	232	29.8	101177	13.49	101178	13.23	87249	79	30.91	1.95	2.17	567.34
923	232	29.8	101179	13.09	101171	13.69	86886	78	30.81	1.89	8.97	1030.25
924	234	29.8	101175	13.97	101175	13.52	87181	79	30.83	1.94	5.93	764.85
925	232	29.7	101176	12.9	101179	13.48	87483	79	30.85	1.9	3.5	645.65
926	233	29.9	101175	13.29	101176	13.68	86690	78	30.75	2.03	19.45	752.33
927	234	29.8	101176	13.31	101180	13.1	86540	78	30.74	1.94	5.47	1106.4
928	232	29.8	101175	14.29	101180	13.24	86903	79	30.84	2.0	6.67	723.29
929	232	29.8	101167	13.16	101177	13.16	86894	78	30.75	2.01	22.29	888.39
930	233	29.7	101172	13.44	101167	13.53	86797	78	30.83	1.88	21.62	962.84
931	233	29.8	101179	13.04	101178	13.98	86949	79	30.77	1.94	10.46	432.77
932	234	29.8	101177	13.5	101173	13.22	87022	79	30.72	1.83	20.7	913.31
933	236	29.7	101167	12.93	101182	13.02	87466	79	30.74	1.84	1.82	827.32
934	232	29.8	101182	13.09	101181	12.75	86903	79	30.77	2.0	10.43	1021.62
935	234	29.7	101185	13.07	101173	13.61	87271	79	30.91	2.03	7.59	640.54
936	239	29.9	101177	13.05	101180	13.24	87630	79	30.8	1.84	15.11	779.33
937	238	29.8	101179	13.18	101173	13.18	87621	79	30.83	2.03	23.51	1025.05
938	233	29.8	101179	12.91	101176	13.38	87245	79	30.78	1.81	16.94	647.83
939	236	29.8	101177	13.0	101178	13.33	87340	79	30.72	1.97	10.91	709.55
940	233	29.8	101179	13.05	101182	12.75	87184	79	30.96	1.87	8.41	739.82
941	236	29.8	101180	13.37	101174	13.64	87523	79	30.82	1.94	15.4	846.0
942	234	29.8	101174	13.56	101177	13.48	87126	79	30.98	1.95	15.16	787.56
943	236	29.8	101176	13.37	101175	13.18	87034	79	30.75	2.05	5.33	1127.79
944	236	29.8	101179	13.03	101177	13.32	87554	79	30.98	2.01	16.74	1106.56
945	232	29.9	101172	13.51	101173	13.49	87346	79	30.79	1.89	21.78	476.98
946	233	29.9	101179	13.61	101173	13.42	86929	79	30.72	1.82	13.9	1050.82
947	237	29.8	101178	13.46	101178	13.43	87134	79	30.72	1.86	22.09	554.53
948	233	29.8	101179	13.4	101180	13.26	87302	79	30.72	1.86	10.75	877.58
949	231	29.8	101185	12.93	101179	12.79	87200	79	30.73	1.91	7.64	472.22
950	233	29.8	101181	12.94	101176	13.26	87350	79	30.66	1.82	10.79	609.42
951	233	29.8	101179	13.02	101177	12.95	87680	79	30.84	1.94	14.26	577.17
952	235	29.8	101180	13.01	101179	13.12	88159	80	30.84	2.0	19.98	1099.98
953	231	29.8	101175	14.09	101175	13.48	87663	79	30.68	2.04	13.68	758.11
954	232	29.8	101178	13.03	101180	13.15	87863	79	30.74	1.85	13.2	655.97
955	232	29.8	101182	12.81	101174	13.28	88022	80	30.76	2.0	16.57	440.96
956	232	29.9	101180	13.07	101175	13.41	88064	80	30.72	1.82	20.36	466.1
957	232	29.8	101177	13.27	101178	13.19	87524	79	31.0	1.98	9.48	1067.45
958	232	29.9	101180	13.01	101175	13.19	87440	79	30.72	2.03	12.36	960.2
959	233	29.8	101174	14.34	101177	13.41	87743	79	30.86	1.85	11.26	831.22
960	234	29.7	101179	13.0	101181	13.23	87673	79	30.74	1.89	6.58	619.36
961	235	29.8	101180	13.39	101179	12.83	87762	79	30.72	1.98	5.44	796.56
962	235	29.8	101172	14.11	101180	13.31	87877	79	31.01	1.86	14.09	978.29
963	234	29.8	101166	14.57	101169	13.26	87757	79	31.01	1.99	3.83	903.39
964	238	29.8	101178	13.57	101176	13.51	87664	79	30.77	1.85	15.71	934.48
965	235	29.8	101176	13.97	101172	14.06	87656	79	30.87	1.94	13.35	540.13
966	233	29.8	101163	14.01	101170	13.24	87936	79	30.81	1.91	18.81	876.3
967	235	29.7	101179	13.89	101176	13.51	88083	80	30.58	2.01	16.2	795.9
968	230	29.9	101177	13.11	101177	12.95	87289	79	30.84	2.01	13.68	571.97
969	231	29.8	101175	13.11	101162	13.71	87806	79	30.89	2.06	16.77	717.91
970	229	29.8	101176	12.94	101180	13.98	87629	79	30.78	1.97	14.72	462.79
971	231	29.8	101173	14.22	101173	13.37	88220	80	30.79	2.0	14.67	975.95
972	229	29.8	101167	13.97	101168	13.34	87080	79	30.89	2.03	10.01	612.35
973	231	29.8	101167	13.48	101176	12.99	87488	79	30.77	2.03	14.0	470.19
974	238	29.8	101173	12.88	101176	14.01	87819	79	30.92	1.93	17.46	1106.46
975	231	29.8	101178	14.05	101176	13.0	87623	79	30.82	2.04	20.67	879.57
976	231	29.8	101181	14.32	101174	13.52	87376	79	30.93	1.94	15.43	912.89
977	229	29.9	101171	14.17	101173	13.39	87688	79	30.78	1.96	12.9	873.88
978	230	29.7	101177	13.28	101179	13.69	88065	80	30.76	1.85	11.62	1113.1
979	230	29.8	101175	13.53	101169	13.43	87876	79	30.85	1.91	21.05	471.46
980	229	29.9	101181	13.56	101179	13.03	87666	79	30.91	1.85	4.29	837.31
981	231	29.9	101177	12.96	101173	13.47	87712	79	30.74	1.85	10.46	683.17
982	230	29.7	101175	13.38	101174	14.08	88028	80	30.87	1.98	16.39	1013.38
983	230	29.7	101176	13.52	101169	13.35	87684	79	30.78	2.0	4.81	431.5
984	229	29.8	101186	12.71	101181	13.06	87755	79	30.99	2.01	17.18	1127.34
985	230	29.8	101172	14.02	101179	13.19	87611	79	30.77	1.91	15.59	1065.35
986	231	29.8	101175	14.03	101173	13.28	88077	80	30.68	1.93	2.15	781.33
987	229	29.8	101167	14.3	101162	13.56	87180	79	30.68	2.05	9.34	710.77
988	227	29.8	101175	13.0	101169	13.17	87843	79	30.83	1.97	17.97	1005.77
989	230	29.8	101176	13.99	101171	13.34	87599	79	30.83	1.94	16.03	475.71
990	227	29.8	101177	14.22	101165	13.87	88148	80	30.77	2.01	20.11	839.76
991	234	29.8	101163	14.09	101166	14.15	87284	79	30.78	1.98	9.65	524.21
992	227	29.7	101174	13.32	101177	13.86	87729	79	30.86	1.85	2.92	780.31
993	229	29.9	101176	13.03	101168	14.23	87901	79	30.78	2.02	8.83	619.54
994	227	29.8	101170	14.15	101166	13.95	87933	79	30.85	1.83	9.97	1038.64
995	228	29.8	101166	13.45	101172	14.27	87325	79	30.63	1.82	19.36	552.63
996	227	29.8	101169	13.11	101170	13.27	87576	79	30.93	1.9	8.73	842.97
997	227	29.8	101175	13.99	101172	13.73	87793	79	30.81	1.81	12.93	1010.36
998	229	29.8	101176	13.9	101173	13.46	87688	79	30.79	2.0	11.36	923.61
999	236	29.9	101170	13.85	101168	14.14	87694	79	30.8	2.04	10.26	1096.31
1000	231	29.8	101167	13.19	101166	14.15	87963	79	30.93	2.05	2.77	1043.31
